3
114 114
70 26
46 45
91 4
85 51
75 108
36 10
99 112
94 9
46 35
43 41
2 21
49 114
89 80
71 55
5 108
66 1
71 3
59 16
108 86
98 22
97 48
37 102
26 93
23 60
88 79
30 71
26 94
3 113
28 11
34 31
72 23
79 36
28 41
31 71
103 1
50 71
1 51
26 102
1 71
60 71
53 2
44 104
75 111
77 103
16 55
38 81
102 1
18 74
8 48
91 106
68 86
101 84
66 20
24 67
38 55
76 55
34 33
82 47
67 57
102 47
22 58
88 67
1 112
101 31
37 25
15 1
29 21
63 89
88 28
69 103
110 104
108 3
19 94
57 100
67 30
17 107
15 16
35 87
97 6
55 22
39 61
58 95
63 96
77 80
39 81
48 14
7 84
42 47
37 21
52 82
76 12
62 108
73 80
82 64
109 56
108 107
18 69
83 81
48 3
54 105
88 114
13 4
87 66
27 46
103 92
48 40
58 78
50 4
9 105
55 65
32 90
90 22
56 77
108 110
113 113
26 65
111 99
68 23
95 30
37 5
47 105
25 57
35 8
36 100
83 57
68 72
66 84
82 84
73 109
111 41
74 82
59 13
43 13
16 14
67 14
53 81
82 6
71 100
91 53
81 105
89 49
95 110
73 67
54 8
4 38
52 47
31 3
95 71
29 74
101 104
56 70
28 82
47 21
69 25
104 61
89 103
89 74
42 87
50 47
92 97
42 57
46 92
58 102
45 73
110 1
40 112
74 34
79 22
15 86
25 76
10 6
2 99
32 87
40 12
33 69
42 3
69 107
79 96
5 98
24 35
80 15
23 31
85 22
82 92
106 104
5 27
42 48
99 73
28 23
49 19
26 109
109 58
75 84
42 44
64 10
41 17
56 95
62 70
57 73
70 94
104 56
55 89
18 38
73 71
40 50
25 105
47 78
98 57
51 41
74 111
89 8
60 92
113 15
39 42
86 82
6 79
93 50
88 102
63 73
70 90
9 26
39 13
87 18
44 7
20 58
37 108
44 77
86 11
112 112
19 11
7 112
12 89
41 74
34 101
78 43
56 24
90 59
68 69
69 1
11 18
35 65
61 54
20 111
16 12
36 55
111 9
100 21
26 64
73 108
112 110
22 20
87 64
85 60
58 37
112 20
21 47
28 56
46 97
76 73
104 21
45 31
49 29
34 78
3 61
10 19
20 79
96 86
69 44
85 61
65 14
109 61
15 87
91 35
95 90
96 57
41 99
41 100
48 93
1 70
39 90
106 74
62 105
29 88
99 98
101 111
94 68
16 41
52 41
67 100
24 90
81 4
62 69
41 36
14 50
25 73
74 33
74 17
112 83
41 50
96 80
92 111
12 53
38 41
41 15
73 41
56 23
87 63
50 82
14 77
90 75
40 79
109 42
81 101
74 97
6 15
90 103
74 20
11 112
95 30
96 107
8 88
5 85
83 84
14 27
88 106
101 40
107 99
50 13
50 61
45 10
93 32
65 71
90 61
93 79
102 63
84 72
37 111
68 99
66 96
109 2
51 71
