5
1919 1919
605 1915
604 68
348 209
814 498
1179 1362
73 905
291 582
1466 1133
653 466
1154 235
611 171
670 1711
1498 1061
944 1064
1093 187
1288 889
1906 1008
843 1111
961 912
1442 708
216 1831
800 1842
1710 1636
1450 113
265 256
1329 272
489 933
230 59
1261 1385
1645 1031
1825 629
1667 676
167 1705
1461 1137
570 1841
1244 522
1583 1641
798 1846
373 1014
1112 1687
1018 1105
1061 535
1537 457
44 1106
232 1273
951 1160
1778 780
1067 680
337 683
245 17
1328 1741
381 244
1039 1158
327 1851
1080 1306
1535 1360
277 490
1462 674
1915 1668
730 1025
374 1223
531 1320
1422 1556
1789 993
701 1152
1464 513
1324 1477
968 1037
893 700
485 1371
1131 1234
824 41
569 1716
19 859
1058 1201
1096 1560
623 799
1359 487
829 389
301 334
1496 1435
1059 530
1504 1887
712 626
1733 1083
136 201
19 693
1329 492
1703 1386
1150 352
1642 1361
683 450
900 1827
563 477
236 816
107 156
188 336
1722 1037
20 1147
1110 1177
739 1406
952 172
951 398
216 1350
1918 216
626 1326
402 1081
1884 1774
1916 179
1618 1778
1637 962
1552 240
1640 1603
1332 1236
1501 1641
466 1263
1129 996
182 263
1447 1101
1692 475
1044 1279
649 1609
1097 721
179 1380
764 409
649 1269
353 1169
1834 1581
992 1088
911 1039
113 1396
341 1299
493 1253
607 1640
381 1192
1197 804
882 393
447 1574
838 140
821 568
1247 1635
1655 1785
1280 1338
1673 489
810 346
22 1249
1411 614
376 1369
1046 919
113 537
90 778
806 504
594 1215
1763 1440
162 1096
707 3
1334 1609
1313 1168
1366 1178
81 374
1240 89
1853 1441
321 1430
1545 1351
953 1061
1429 533
706 1650
1508 1142
518 301
600 981
577 1182
858 904
390 477
796 1903
386 514
328 62
1303 215
776 388
126 61
1691 1885
40 1870
1116 1260
502 1579
744 984
1614 1436
295 320
565 467
437 1790
1010 1622
926 884
1115 1503
1013 1818
1152 28
1424 826
1609 990
1049 1069
563 25
52 1641
280 324
1649 172
115 211
485 714
1750 151
1422 450
506 315
1243 180
53 299
304 924
172 916
1587 389
730 1171
823 840
1257 25
231 1682
1864 1094
432 190
813 603
1724 570
967 1695
1800 1199
588 1771
1061 988
1609 360
1193 737
713 1064
1451 457
823 1442
1203 46
1030 831
169 1662
1587 1619
1071 1250
559 377
162 1079
679 1134
766 480
1540 389
245 78
1873 1535
314 704
1247 223
1661 1771
1160 1777
500 1448
1672 350
618 717
1338 1363
1370 1147
478 1038
604 1735
892 939
45 596
899 1822
630 1038
1483 1289
1691 1179
855 629
1807 87
782 505
173 1169
121 1263
895 427
89 527
1883 164
1362 71
1070 1103
1617 425
1725 1687
1802 917
150 129
614 1324
44 2
1255 919
1861 1624
450 1765
73 46
1743 102
1788 1630
1769 909
1287 1312
1656 1140
498 290
1571 1616
227 1444
874 928
1799 358
588 229
823 60
1867 1738
154 62
1539 954
343 781
155 1321
1056 658
1422 1721
1029 1211
403 129
941 1384
929 1810
241 410
1793 482
742 633
577 1573
1646 1423
1511 609
130 1442
107 54
155 1099
882 1879
727 1218
260 852
599 1897
1757 1588
1652 1741
989 1221
1100 290
1592 1865
239 1804
455 1533
1336 1119
1664 227
1366 1441
695 705
41 1187
1830 1636
1377 1294
263 620
1719 490
1226 1860
493 219
240 244
1148 1538
919 1373
1763 379
1724 1395
387 793
1634 1670
196 1
97 1089
1833 1888
1562 191
161 1849
1881 1110
1821 269
1144 1340
1825 11
468 1631
867 270
301 355
1327 1602
1205 862
901 896
135 1155
1817 1440
666 1901
760 1698
261 1414
843 1860
844 1634
1220 124
291 1751
1210 11
210 290
481 1452
664 160
1111 894
1549 1076
1700 1057
849 1729
385 195
1246 973
50 120
1264 338
1589 1907
1023 1688
1791 1262
731 1592
1472 301
235 706
321 1521
217 1427
1589 1191
1572 1692
1748 35
285 127
985 637
746 1173
1774 1213
1223 666
1026 371
676 1441
1487 60
1510 1621
118 991
480 272
212 640
1556 1407
500 1877
903 1564
447 377
1047 1812
1375 117
716 1808
244 599
493 160
917 290
9 170
1806 663
1218 1166
1390 1408
1380 881
1278 1739
846 535
1221 536
410 405
587 1755
465 868
209 186
1038 172
1808 1267
1103 1696
753 849
1818 1146
1522 1104
1041 1420
399 92
67 1602
381 681
1231 335
1745 1059
1578 870
1263 556
429 1415
1648 936
60 447
75 275
1081 750
949 972
1694 934
534 724
1524 125
958 1732
1452 1703
1083 84
1215 1723
1780 1159
968 1748
1032 1111
758 1676
1039 1295
411 1399
1600 923
435 1327
419 38
920 1803
1691 1610
1849 1665
1858 512
1278 577
299 873
448 244
732 1236
695 1556
1310 1406
494 1813
1297 1252
1404 1851
255 530
588 431
266 825
1766 501
903 883
546 487
560 1867
1404 452
127 642
473 488
1705 1027
455 638
37 161
1662 686
1181 25
890 923
327 671
1030 446
1107 502
1043 616
1378 1726
1181 1581
269 1318
211 454
631 32
238 748
548 876
1441 1145
1159 669
1171 803
1860 183
1417 773
1244 845
1520 1405
54 1756
364 1427
1589 946
1325 103
867 1386
115 1460
221 897
1233 1381
970 1283
198 1754
1082 453
765 619
468 89
643 327
1606 1449
117 1449
1660 591
805 1363
857 25
706 830
1030 774
181 1402
1776 950
1478 422
1163 1359
103 1563
960 626
107 1846
1239 113
548 1164
1270 125
1012 1867
691 1303
1255 1183
109 1441
935 1040
934 108
757 68
1842 1902
1429 1816
355 1217
472 7
775 833
1207 1361
1593 945
1530 1793
1354 1198
342 278
778 755
1716 843
283 1018
1067 1392
1015 658
72 303
1468 61
1343 1241
1285 607
994 1652
1578 15
1066 1267
1233 1671
1163 761
1426 1691
1653 450
214 443
1331 1902
1340 1019
1376 906
266 433
772 1511
1347 1247
820 1799
250 531
1205 906
246 409
580 1687
396 697
489 1701
1449 1838
970 81
849 1409
1343 1190
984 952
413 351
421 330
1345 119
399 1121
1880 1030
1862 380
263 864
250 1769
1136 296
79 995
968 762
1193 1024
174 524
1181 923
1241 1335
1867 967
363 507
1431 1703
932 814
1755 81
586 1885
291 555
1540 1418
1579 449
1677 683
394 1644
1832 1160
769 1795
38 1236
1676 11
1671 1683
202 1631
1061 1581
1812 88
1213 300
50 1276
104 1465
736 1459
1238 1314
1804 371
1089 1468
995 885
1127 1687
837 1387
1321 1315
590 1593
888 1264
1229 344
963 1591
1233 745
424 113
1507 65
977 1914
319 787
1113 1303
207 77
339 1234
1889 418
1623 1617
51 1527
1864 87
1520 1181
999 1096
294 782
455 143
573 129
2 815
226 1826
520 69
1656 819
1388 1191
1346 1195
1639 131
1812 618
652 1157
1506 196
107 1075
664 1584
1834 201
107 291
836 145
266 1221
653 416
904 1910
1445 1875
887 1228
1505 1881
962 46
1577 904
704 881
245 108
677 828
1348 302
1817 866
995 601
1809 748
1520 1703
1291 703
1120 1511
469 1851
156 688
518 1878
1486 1853
915 280
865 1902
155 47
805 1598
225 1293
1689 1217
23 1702
1139 1061
24 472
646 1246
1357 1615
288 1672
1848 1408
1483 774
406 489
1781 1555
180 1223
1739 62
1118 530
1736 850
446 1111
1449 1408
872 498
782 677
763 266
1900 76
1209 170
421 612
996 476
1012 189
318 1381
478 261
514 760
563 700
1314 392
60 1152
1590 464
1416 1287
1556 1398
1882 935
1044 596
1410 1514
1494 526
713 19
204 1268
185 1658
1166 562
1546 545
1611 83
1736 744
412 1373
928 877
885 819
1654 1775
94 1551
318 259
248 754
683 826
938 1761
1466 1103
1059 1327
268 714
1443 699
1038 891
408 643
1001 1574
1721 1608
1707 1044
706 1007
1162 273
1741 1560
875 673
503 221
1502 363
585 1218
1565 887
1642 948
18 163
302 1812
54 1802
794 428
420 1079
172 1259
558 1111
169 1411
927 383
1194 1265
1617 1910
1466 1082
739 310
273 973
1627 193
1181 782
25 658
552 114
929 773
501 1454
249 537
1782 184
1717 498
1756 606
842 1304
907 1085
346 394
1629 1613
646 1629
363 484
162 752
1134 685
370 455
1410 1834
1048 1455
757 354
1353 1714
286 991
1109 1361
1859 254
67 1819
1076 297
515 1216
1702 1820
1781 648
1038 946
438 805
1917 1174
1702 1432
131 199
1864 80
1138 179
530 812
370 86
303 1894
621 1078
1811 1210
1431 1204
1812 1146
773 955
1017 960
1578 1153
1212 1474
797 1020
1854 839
578 936
275 557
224 1053
1792 1002
1494 1853
315 1356
490 1570
293 122
1154 177
1063 1705
1076 1503
1337 961
14 536
59 801
1012 529
887 1034
602 884
289 1434
874 1914
1095 1114
741 401
1666 274
46 23
1529 555
1208 1554
1638 1190
414 1146
33 50
1458 1117
1818 1190
1660 975
1489 1076
1780 129
1645 147
1234 822
371 429
1715 1705
1004 572
1630 1779
1319 1794
436 1729
1114 433
826 1186
510 1604
1248 1530
205 820
1460 1146
778 698
1367 1044
1750 809
865 15
1632 915
80 783
1272 1537
171 931
802 1879
54 915
59 853
1720 50
1108 691
158 906
1708 31
325 1526
940 340
1297 306
296 1852
1006 1237
1561 828
58 1483
167 678
1146 354
1305 1413
1883 1870
1538 956
757 1503
1617 367
1414 838
694 945
733 458
352 664
1749 731
1601 753
1858 1909
1398 200
841 685
1565 1175
1592 141
1517 835
279 916
1438 451
1011 1538
1012 834
1427 362
668 1389
1308 31
1252 1420
1438 106
154 807
1541 849
307 234
404 645
301 1394
1674 309
831 759
1504 1373
1156 1380
1179 1869
389 551
1358 206
1609 959
1704 500
398 1490
331 1688
966 137
1597 929
1663 1844
1729 91
962 845
871 1110
329 354
1809 1830
400 949
547 591
1030 676
190 597
626 1198
1090 240
1064 218
996 1256
1556 1614
785 1562
486 1896
1198 1200
128 818
661 334
1 1681
112 563
1643 1530
74 836
1793 1752
474 1799
917 692
276 957
1145 1506
1731 1146
426 946
1550 481
545 1124
1892 1168
966 1197
1746 814
1037 1255
1727 1778
857 1669
545 285
997 519
1021 1558
267 268
1520 1170
382 654
226 1428
1546 1583
282 1591
114 1374
319 1446
1671 918
954 410
347 640
963 1868
81 728
1223 1576
563 123
1810 1030
972 922
321 1525
996 1756
351 493
1422 827
947 489
67 1161
1412 983
1578 142
366 1514
1771 222
1691 78
82 196
815 1298
275 1055
706 925
1447 1473
405 1068
755 1855
514 537
1323 1676
340 385
1011 301
1081 399
25 1487
461 1067
579 1810
1153 1125
726 263
492 1305
1261 730
1515 315
554 1830
1077 1321
929 1664
1703 1351
1758 1586
683 1216
1380 1805
1493 620
613 284
491 1307
651 1233
964 45
43 934
1149 1799
305 1148
1773 1730
1744 1884
1438 1825
3 709
941 742
963 287
1724 401
66 1121
129 1022
1775 1254
1108 1383
874 1768
976 1914
775 422
490 1609
1344 938
790 1069
1651 694
107 1099
682 1828
192 493
1314 29
646 500
1484 1318
1250 784
1715 1913
633 1829
1487 478
839 980
1742 275
1462 553
286 1718
1407 735
8 306
1480 1903
1835 80
1458 727
793 1246
1292 789
739 819
430 494
65 1082
71 152
713 1037
492 778
1824 1860
1786 49
134 689
1776 456
1875 634
499 957
1196 141
1867 1369
913 1181
1261 48
87 1139
1659 1497
1359 175
20 27
39 1734
1395 892
877 565
279 690
304 827
635 1180
1844 111
1483 986
76 1453
1611 106
976 34
1858 274
501 1321
792 1479
182 517
121 1270
103 1611
1496 527
675 1370
1126 1009
88 1067
327 1135
1871 1373
1272 417
591 253
852 1092
813 691
1397 505
204 1453
265 438
250 22
1542 1194
728 602
900 424
1035 1846
1843 108
1136 332
1799 914
395 1730
684 930
1759 788
1081 491
1853 811
1764 1215
1027 1801
1007 124
197 1543
620 319
1116 1423
431 782
1433 241
1110 549
1917 263
64 374
1611 957
437 203
566 1160
1315 10
1440 1467
1151 1630
993 1679
1253 901
370 245
523 660
1246 504
1147 369
718 194
363 1147
1623 6
421 1889
1768 883
98 396
428 878
805 261
1788 1908
1128 67
58 710
1279 985
1723 976
1781 782
54 348
421 1399
81 1263
245 676
1668 1690
1853 49
22 349
326 647
1770 106
1904 987
1683 1532
1119 1145
1747 286
971 1872
1611 1778
751 272
569 1201
1845 1548
8 1836
1165 1832
157 1319
1518 903
610 334
1016 1402
13 1101
107 1419
81 542
892 1054
196 1238
5 895
1245 1059
627 1406
1079 1680
779 1807
307 169
1242 331
101 1273
969 1914
408 1582
770 264
1769 1814
1576 1491
275 1145
1159 665
1481 1185
1088 738
1850 849
497 1819
1734 183
1167 1184
1176 1880
157 1330
1044 148
1312 359
1033 263
662 1542
1588 309
41 378
667 629
1012 974
520 1083
111 1192
725 1165
1286 1744
782 318
252 659
991 1355
358 668
496 1475
886 1100
1565 54
1018 1391
502 706
171 26
1720 174
1012 1519
1872 1366
1076 1045
1244 1580
468 574
172 1466
1805 87
646 1434
1728 1221
1720 1594
301 1461
1544 1534
422 342
1349 196
486 1361
1333 59
934 383
435 749
776 1312
837 270
1267 1067
1449 274
187 1576
1235 1551
831 356
1713 658
928 502
988 869
1455 1270
93 1149
1322 1005
277 1463
1075 1730
740 540
1622 1741
1711 290
683 85
391 54
1069 808
22 1386
1255 25
987 1000
1422 1042
1178 471
237 514
439 1287
851 987
1863 212
1521 107
1194 588
45 1791
113 1342
462 62
1772 1503
980 811
821 1885
1209 1319
1141 343
505 685
415 1133
433 583
1720 1575
1553 483
754 1055
113 106
1458 1275
856 881
868 1837
1867 295
1050 464
1780 1238
1528 1813
1075 1327
1886 707
461 1316
162 181
681 1625
1574 1352
958 333
1851 1294
703 1763
1402 76
1212 496
964 1421
1184 1303
937 1864
899 1171
719 1339
1222 677
12 1351
389 888
1547 58
363 25
802 1876
824 1274
1382 81
313 1623
1554 1339
1470 1271
132 481
1210 4
1530 1782
1255 1008
520 492
221 413
1030 739
563 1516
492 502
791 679
1134 1311
752 312
1617 1793
427 133
1684 1767
1006 1160
711 1216
5 654
1519 632
1419 1218
206 506
593 245
1862 581
768 157
616 1610
1282 1083
1441 1318
786 155
1683 1098
986 902
1806 1263
169 747
1425 657
786 1309
425 423
1342 1074
1524 1002
501 1104
783 1856
1825 1535
1345 160
801 1254
1541 1039
1682 306
1864 495
1488 1898
1368 381
835 143
92 923
1219 950
1791 719
539 482
168 337
834 628
249 540
609 296
1030 1419
1531 476
500 472
162 938
1560 1472
1643 795
656 1077
1051 1452
1429 1697
1487 1687
1868 1475
1341 490
241 1833
1051 879
176 1629
1594 1743
1407 770
936 983
1029 178
1258 279
1685 1581
876 1009
1416 519
291 987
46 519
814 213
591 1441
159 835
1633 61
88 1173
405 432
982 886
657 817
31 170
1857 1395
91 380
922 153
375 424
492 1520
1527 998
1509 1072
544 1018
715 383
722 1304
1361 532
660 639
1737 1166
1626 492
544 129
631 1470
615 1246
86 384
1160 26
473 1266
865 1441
1112 470
1740 70
1438 1246
262 132
1346 685
298 1440
1366 1544
1277 49
1687 836
682 1126
1045 1784
1560 46
409 1423
1508 1706
1620 1659
315 1233
1679 1313
301 1804
1675 1620
459 982
1760 442
854 227
1687 1378
1701 165
782 595
1052 97
1606 445
600 1204
319 1030
478 421
1622 788
1836 103
36 1812
882 1441
384 95
1617 1084
109 368
344 1373
1498 702
1847 430
441 1300
1089 1223
100 1488
106 147
1868 689
967 1839
945 1874
1030 1400
1037 167
65 440
1290 167
1793 284
567 807
1130 427
809 426
422 317
46 1302
300 183
1197 458
1894 1778
1811 880
490 261
261 1071
919 346
1237 1699
314 1783
1253 1188
1884 1020
1261 195
1722 114
801 1053
1060 1010
75 1890
624 832
380 561
830 1086
1138 1875
527 1495
1395 1123
941 380
619 1615
1361 1868
139 446
88 672
469 1607
852 1460
1132 1763
413 169
107 1793
70 1785
365 1104
848 216
42 959
1044 1227
676 857
942 707
511 1375
988 1306
1541 1911
1790 37
1657 793
494 1171
1318 1224
457 1678
146 490
500 1505
1762 1860
1558 1209
1660 589
1366 1616
869 1073
116 1172
950 1568
345 268
908 350
1914 1353
107 358
830 1585
591 208
1421 910
351 644
521 985
619 525
1004 1665
822 1625
705 479
714 1296
1746 652
1677 516
1499 547
847 1638
308 448
1569 11
1461 625
195 1181
291 991
281 1624
391 1523
194 385
654 1351
482 868
372 1392
277 1891
609 468
801 1853
834 1722
261 1284
900 1251
1583 1513
961 1704
862 405
343 865
178 607
1288 1712
361 1641
1596 447
1849 714
316 914
575 1044
443 657
460 411
1590 865
1796 154
1287 1464
673 1194
607 483
584 1229
668 1304
1508 1851
60 428
1520 863
931 1899
1029 528
1712 1509
185 1875
774 46
162 1556
573 592
1787 743
206 77
49 1247
622 1668
341 261
311 284
945 1111
654 958
860 244
1184 952
979 1261
873 1471
921 1815
1292 700
593 1003
636 624
1797 1904
1452 404
188 49
676 381
16 1683
107 1014
1919 1160
1221 1163
687 669
1559 1509
944 1634
1754 1459
1823 934
861 414
247 507
1152 729
1087 41
1812 1566
996 191
576 256
1427 427
1023 397
357 1163
1069 617
54 135
318 564
1218 1541
965 1849
920 888
1776 490
571 1078
1328 30
1546 1214
274 1802
1527 1198
1256 57
696 1216
1061 1069
801 254
676 1403
681 469
553 1419
1293 1438
1868 536
104 1818
1326 162
1143 819
608 1845
1350 916
1804 721
1364 1380
778 1235
38 1485
3 834
435 1709
1557 1827
1703 1849
1423 630
1606 1199
229 1905
229 796
98 1160
191 473
1205 1075
1679 342
242 1016
1543 925
1102 302
322 887
89 236
1849 1893
1690 609
300 96
1536 1583
41 805
257 135
1152 1340
1864 1395
917 1787
1567 288
40 1609
21 537
636 803
446 88
922 32
930 395
1181 422
1438 1236
375 1230
1559 598
928 1526
1460 144
1825 1425
1556 1273
228 254
62 1487
426 258
609 1611
1576 1152
1447 1194
1028 205
714 1122
1281 596
1062 883
1795 1505
1647 420
1686 703
792 1037
1826 1205
878 898
1180 848
659 1722
1483 1672
540 777
1563 116
63 1777
1450 607
862 1009
1429 482
1476 787
803 1317
739 699
1181 106
472 434
1624 1329
1401 67
1590 1057
597 1492
818 404
1202 512
655 492
1206 161
1913 1085
122 1812
1581 157
250 1882
1624 220
389 1537
534 1809
1298 915
1189 792
1109 243
1580 110
1815 946
1005 1766
720 1258
434 444
389 739
113 489
738 1317
1605 340
723 713
958 508
1722 163
962 299
1595 842
774 1809
166 1646
1402 212
113 619
1244 100
550 148
771 1315
158 1437
1625 1753
1038 1036
883 233
1902 734
131 575
966 1617
1594 494
831 1459
1442 149
45 1509
1386 1456
1512 182
778 1372
709 1365
1620 1737
1457 1774
1322 1225
1644 538
209 1628
796 1599
1612 45
141 1143
446 1044
105 778
811 509
1741 639
431 1232
1621 261
309 1459
1091 1168
959 326
323 1648
32 370
1193 40
1599 397
929 541
1300 531
103 1627
641 1598
1912 1296
1785 607
1845 447
493 575
527 56
1542 1693
520 951
571 862
1788 916
91 108
648 1500
1247 623
710 138
1895 167
1250 543
475 17
99 667
1520 936
1469 1261
273 1393
1840 1107
113 271
1866 624
1798 1434
767 1200
1317 335
251 1032
1169 1637
1293 1301
1760 1255
463 1663
1665 55
245 978
609 379
435 1185
650 1852
1065 1764
292 254
943 1218
262 1482
756 1309
536 1520
122 407
318 1758
1641 928
1439 986
1379 1788
204 510
1767 1079
1918 1918
728 479
289 584
1212 1313
33 1297
800 98
249 1489
627 849
1072 1593
932 486
1862 1670
1047 493
435 216
1790 805
105 1056
649 1003
1126 71
223 227
1603 1314
251 638
1080 1092
820 927
441 1297
573 191
769 279
1651 742
202 567
981 1271
1304 433
1230 1334
1490 1430
1458 450
1151 1809
677 1913
1694 1709
1390 724
619 1640
492 1174
1399 1181
318 1307
1797 437
719 1810
1413 1516
978 813
1707 796
794 490
1315 406
146 414
1272 89
1043 1783
838 233
1144 691
1775 687
1095 1476
519 606
137 128
708 667
1366 613
601 224
15 1725
187 989
1046 1381
71 758
185 388
418 542
1854 851
1022 1874
780 1182
1696 708
1752 287
1749 1496
1892 605
1533 1154
57 727
1536 1733
901 1319
1266 623
1580 1787
688 1411
1683 301
879 587
1499 1194
1583 1619
803 550
1016 492
1350 424
401 437
1864 1799
1746 69
525 650
1573 119
842 292
1723 1032
1106 716
987 1519
1272 1026
1843 1889
767 1267
270 439
1457 1565
152 1017
1272 1497
1855 1490
155 1344
737 379
728 1907
1011 896
9 943
1008 1231
992 1150
1177 655
1628 1268
873 647
627 484
1751 613
1642 1663
955 1093
1353 350
1216 495
519 1329
1101 745
962 927
1424 538
311 1156
162 896
1723 937
499 674
843 589
1502 571
1269 1148
1450 1811
1743 1176
1099 117
1481 1820
1754 1722
513 414
1865 32
893 1061
600 1014
411 1848
721 1585
433 978
886 864
1916 298
1816 1701
866 493
862 905
659 656
536 416
1918 1651
1048 71
1182 775
1411 1254
598 133
905 398
995 530
1882 842
643 880
902 526
597 377
762 425
362 1186
1123 1342
376 970
818 1238
1224 1476
1009 1696
6 1910
1781 1552
1043 580
452 1035
363 1683
1405 1086
885 1171
1159 1016
252 1276
1544 1284
884 412
998 1492
1743 1440
919 1717
1671 1425
1278 324
888 1510
1099 1890
1311 379
35 1420
712 1497
470 401
1402 1852
82 290
1185 733
1802 1008
714 517
718 1542
469 448
1661 1880
1331 1145
1050 1753
403 475
1323 1701
1078 969
1209 460
686 1217
930 1356
488 429
1868 1818
154 715
231 571
1366 1338
1126 684
217 1716
1857 159
1278 159
1846 1499
1524 479
315 1360
1296 1761
165 939
186 1600
1594 1345
804 1562
1323 705
260 1530
675 356
82 1169
1312 1642
1556 528
1335 1674
1163 680
46 1492
876 1670
913 697
1519 1648
682 441
630 1608
799 1139
1624 1678
1402 1352
839 1246
175 72
92 725
1074 1584
105 344
860 1165
671 899
1094 689
556 783
716 779
1330 1735
932 452
106 972
632 580
1302 608
1305 1
1503 1415
1452 1084
1631 837
1844 1490
560 1295
230 542
652 746
716 384
228 300
1751 433
1670 1587
1253 37
445 331
42 1913
1446 1087
1407 893
425 1394
805 300
1309 1462
91 380
673 1016
207 1613
476 777
296 1527
468 796
1385 1227
81 1554
106 838
534 833
1074 1521
1503 1907
757 1249
1511 310
849 424
1822 1253
1065 1895
1481 844
1196 1906
1367 699
26 1648
1403 1471
760 543
332 928
1059 116
302 1759
224 1449
1774 1305
1767 1263
1523 1251
467 1648
608 968
205 569
621 1580
1414 505
1346 267
203 1393
1855 1355
855 100
1741 826
781 307
1779 1160
1344 873
1248 714
1204 1054
1549 24
1364 1662
1158 621
1551 1367
784 867
228 855
389 478
930 1868
451 1664
1241 1818
438 887
616 319
217 952
1238 1442
565 252
1764 76
1075 1130
1191 877
1839 1365
1331 1719
1632 937
844 228
1171 394
1475 976
8 682
1277 1730
139 1830
435 480
406 688
701 448
1492 1870
913 1575
634 606
1454 878
961 1758
1677 708
1510 1104
176 1360
1751 1178
1725 1305
1373 699
948 1240
89 258
1150 1134
518 494
1515 248
1276 1491
842 602
743 812
1899 1887
1040 50
1579 853
1447 566
489 310
300 119
1672 1519
1190 727
921 170
1604 318
1137 1440
898 1188
885 1451
533 189
318 1137
562 546
1085 408
1478 1419
1596 747
600 1243
1725 1543
208 370
1894 414
1805 1371
873 1388
114 453
700 1141
992 536
201 121
182 842
1706 270
481 321
1184 1910
1628 1252
1880 341
1473 617
46 1605
759 151
1477 2
157 93
164 729
1180 335
1025 1317
239 1062
1754 1712
1890 1168
1181 680
1138 937
1724 552
1254 1739
289 306
66 1490
1161 1660
1558 1552
782 853
1575 1023
940 1218
1325 1911
1605 970
336 1680
1448 1212
878 51
1662 858
556 1044
1762 24
1525 30
253 1694
449 1056
457 1236
1550 1045
399 447
1690 291
799 676
769 1492
740 1509
483 967
744 501
528 943
1387 1617
1276 1565
1333 1119
776 1419
709 999
47 408
1009 1136
1896 219
1449 236
1073 458
1823 355
983 272
1419 275
1760 1664
664 1719
11 1273
1592 157
862 1331
1392 140
332 371
605 1277
1770 1277
1807 1143
1821 1624
796 1327
1152 1290
1245 137
226 572
1136 1248
976 463
1810 1487
1179 1037
1696 1263
88 1074
1229 339
2 1462
450 1853
1651 847
696 196
1673 353
512 215
220 1431
569 685
1847 1681
234 804
1338 808
1634 1213
871 1267
19 1267
35 1167
908 692
976 1916
921 1378
1453 707
1292 1436
763 793
702 82
1835 610
115 1113
1525 320
669 1486
707 1240
1710 1140
1818 644
416 990
1064 165
1157 710
83 1343
31 1271
1872 695
1518 1305
1008 1286
188 134
94 1815
875 396
993 556
954 1875
1845 1234
755 1110
245 85
424 144
105 555
625 102
1299 1144
145 646
600 511
904 1841
666 212
1512 292
225 1122
874 1769
951 1423
94 1686
1497 1580
1468 1299
150 1704
221 1761
770 610
974 506
1120 1008
1887 1254
1373 1324
232 1135
543 1318
485 550
235 352
228 711
964 1546
299 776
1090 1409
1815 73
826 523
959 799
92 1259
1471 393
425 1369
872 849
1187 571
1374 816
248 1068
1293 547
1027 372
1889 1500
585 7
1079 1157
1269 1617
929 85
1368 1815
765 870
1075 1792
420 185
1797 523
474 280
252 30
1895 1531
546 603
447 348
1296 1592
1359 1804
839 891
1512 1571
1242 1121
1769 1267
1057 573
1580 703
1545 1871
528 255
1582 140
932 99
1778 1218
1630 1439
691 1312
243 1318
1180 1316
696 1197
184 1878
824 1606
1507 783
133 1251
1593 472
883 3
751 1776
1626 1645
1428 1592
984 1858
1076 189
132 267
1643 1285
1589 384
659 732
115 1070
651 621
1088 1736
640 130
1819 923
870 1019
973 723
1128 1720
859 997
1184 595
302 898
1639 651
1775 1043
293 1005
70 1691
1706 616
1793 1360
792 1094
1513 794
512 986
516 1114
942 142
1743 1225
716 1210
1690 228
192 3
1499 1123
1109 358
147 1726
737 513
414 904
981 198
1150 848
797 6
912 1432
856 54
1305 604
633 879
562 309
1499 1624
1511 1671
676 1908
946 1785
218 694
1899 1432
790 502
1658 1505
1004 1109
1617 1054
46 1849
958 1838
332 1156
1411 1797
697 123
880 1545
1058 308
450 1918
756 708
461 982
758 209
691 1667
820 1123
1192 878
398 811
548 403
1526 1490
1095 515
1170 1518
75 1522
913 863
561 1703
988 412
1248 784
1223 272
1501 999
1637 941
793 134
1907 1291
1834 966
837 1007
372 142
1416 1577
896 505
125 67
1574 1539
1416 938
563 433
351 418
33 1412
1117 1469
1283 739
600 1232
716 505
912 1687
334 1413
96 956
1312 1824
223 1755
1665 1655
1021 889
758 1244
1085 1538
1829 557
1276 1869
1895 1256
102 938
1531 1114
1546 1400
1606 1827
1142 495
1864 409
1911 285
728 290
650 704
1343 540
509 1557
1618 1410
370 240
103 893
655 653
143 583
1537 1651
1029 357
521 720
881 1899
1567 185
1733 218
1822 588
1786 1647
545 437
1000 1637
382 433
57 637
453 304
1528 321
617 869
1219 284
1265 1688
1721 982
1086 1469
1579 1690
139 1389
1233 38
1231 1801
1446 1899
1013 1253
1580 1075
390 1727
1162 1884
288 2
952 32
277 1199
1497 1560
430 477
1437 549
1596 458
1815 582
1761 432
1719 395
1721 405
1057 1624
1120 1836
1343 514
248 1679
592 221
34 1066
479 886
1893 622
584 1817
1624 873
1479 94
802 127
1745 1575
1214 1795
1526 1453
924 1202
553 605
110 572
1230 959
1483 1771
1202 1133
865 1161
1615 925
48 1294
1043 1586
229 254
414 1624
447 884
1401 1552
745 1581
1779 317
1030 479
1059 583
1682 601
1738 325
459 213
875 347
1525 915
975 1489
1256 1074
202 1498
832 262
1591 949
1486 707
575 936
1078 87
494 1893
145 1904
1403 19
1864 779
496 241
1348 534
1116 96
1051 1718
1031 850
1896 1786
1797 928
736 1194
1797 1393
1009 189
528 680
1331 1732
176 1057
850 1054
1056 1165
1444 997
1625 1316
1540 1146
1499 1347
200 718
946 520
1859 439
1300 638
414 1424
309 1362
979 1897
520 429
815 1349
438 837
1474 396
173 1488
1114 1289
54 864
1165 1742
1081 1246
1122 1887
91 985
1172 1041
885 706
1616 1582
1331 502
1480 974
1566 1733
202 410
31 374
1224 1376
256 305
90 897
499 1463
317 1445
5 45
46 1318
712 1015
1897 312
1171 477
1719 1308
599 1549
223 1539
117 1717
1123 1724
1700 594
1081 784
1343 343
1753 1030
796 726
878 104
1277 330
97 263
755 511
366 1213
1531 758
495 1792
910 37
1199 1856
901 374
1624 25
1806 1442
156 914
1526 572
1062 780
338 354
959 773
1553 164
465 1119
482 1005
1361 422
1046 563
1506 1024
10 461
1395 1693
763 507
574 1757
929 1808
302 825
1598 893
1862 1245
118 758
1787 78
307 768
1178 1243
78 1284
882 46
1261 1253
1483 1812
75 83
1062 1128
732 873
1372 420
200 419
784 548
1381 673
359 124
1579 1676
568 584
1292 71
1611 573
299 902
1706 572
1253 537
758 260
1237 368
155 161
1757 1253
1708 976
1278 1135
1054 636
443 984
510 1852
1489 1561
1057 1912
196 1687
994 776
242 1121
834 1403
331 1769
1282 1339
438 1103
1481 1095
771 1206
122 960
237 1873
316 1194
275 296
1753 456
4 1264
716 307
652 608
1801 578
1714 1393
21 581
320 833
1862 455
1525 136
1052 494
1530 462
373 688
346 1856
1647 1700
1766 7
844 1084
967 944
1896 1901
11 596
170 1429
1902 716
1168 1744
66 19
173 1481
106 1116
1699 101
169 1018
57 1679
522 119
957 1132
1385 102
125 448
426 418
1659 1165
148 1723
482 195
1763 1354
846 1673
1593 542
1379 130
1200 271
945 1807
721 1038
435 1320
167 303
326 1784
1057 1449
1006 929
1426 1179
1633 1253
165 50
1114 77
979 855
1529 1891
503 290
142 400
1706 1788
237 1517
1580 1581
1614 764
1581 1879
149 1511
493 779
986 1776
648 754
1202 372
1672 1705
815 1916
471 1137
22 1467
1387 785
285 214
1649 980
1622 1897
1914 1369
684 899
539 121
1269 369
620 4
1735 1580
1041 238
1276 179
1768 1250
1651 991
1057 996
1899 52
1301 365
108 1303
1123 720
503 1100
259 620
1024 576
254 463
349 175
523 918
66 1427
954 189
270 798
1689 187
209 1417
617 44
754 1306
1648 1905
468 200
149 913
1028 730
753 1782
715 12
278 163
302 1456
655 832
258 1377
841 275
1504 1846
1628 1411
1281 869
821 566
1844 280
1909 496
1336 740
1500 52
413 1911
1397 18
738 1079
1837 214
206 1134
146 1391
1313 679
415 933
831 1178
1440 1397
1895 683
1520 200
1780 145
1131 593
532 1048
527 1662
316 202
478 1899
703 487
1094 447
242 1344
1532 87
1089 514
1727 122
361 433
508 666
757 1691
1727 862
699 1313
1635 1163
1346 1868
1132 1626
1461 1351
1165 562
1698 1491
178 1582
953 1131
1876 1375
482 1594
1907 1339
1910 1282
541 1554
531 860
790 1221
637 1552
1239 221
120 1163
364 693
220 286
809 655
466 1579
1310 1261
920 493
1553 1433
1381 1564
1349 1438
737 1223
1185 1103
1822 610
1312 540
609 878
1765 603
1421 248
743 863
137 814
689 916
1395 1138
1447 1918
428 1116
56 1826
3 1135
1257 383
35 1804
101 1309
1232 1616
1208 965
986 28
1253 1453
794 535
405 436
1157 24
252 1568
1178 1343
1442 752
1276 211
394 342
1554 1538
270 698
351 514
332 1371
206 363
614 1543
295 114
497 416
218 1305
1243 1305
1464 562
1094 1624
732 1547
286 1887
1227 740
954 1173
1580 676
885 1570
1751 29
1617 71
246 513
1183 1654
1866 1669
343 1789
429 1453
399 115
238 1554
256 817
1343 1661
473 197
181 322
1737 441
280 1153
654 780
1580 1404
867 1649
1402 1384
1715 1738
1868 1499
1668 1136
1905 1883
773 181
1444 33
1022 1831
1312 329
978 1115
1641 836
1033 884
922 991
486 1824
1638 443
1331 141
1462 1831
252 1496
763 907
1283 1594
703 69
442 1287
519 694
469 287
147 1786
513 586
607 1238
77 1772
49 712
503 1803
600 457
777 967
1103 11
1621 1234
1637 1334
11 877
57 1711
1279 1461
246 1557
1607 652
1093 949
1108 352
330 325
442 1178
869 1875
1664 1855
1163 1127
12 1136
204 384
1722 1317
1189 656
1075 1906
1119 1620
334 1764
1025 624
109 414
1350 1534
386 29
619 1340
5 41
716 1339
591 94
165 1043
1283 1257
500 35
1288 1695
714 1597
734 1844
1718 665
1205 1650
160 461
1719 404
1012 251
1701 954
1555 607
1283 264
1179 135
989 1063
1826 977
486 660
1738 71
842 1193
1248 274
36 1815
105 761
1559 965
878 1271
392 1149
1825 24
1449 1779
771 973
849 1036
1254 1624
848 947
1240 661
466 1215
223 1489
629 113
1847 1497
111 204
1340 1881
1147 1872
114 1723
1704 1533
963 240
927 1129
165 1821
461 994
229 830
1580 572
1459 469
551 1799
763 424
56 559
644 1039
1652 19
414 1382
502 283
779 1465
1800 810
747 974
1358 1822
418 608
1370 1234
1546 464
1322 271
91 284
1827 1696
1271 823
500 1807
1530 385
1545 719
997 1665
1053 79
266 1137
1740 1862
1806 1164
818 1535
294 678
1044 1736
844 217
1136 1131
1470 270
618 636
779 1211
465 779
1204 168
185 795
540 977
1441 759
649 845
1339 142
892 1484
443 1900
1581 1808
378 932
244 1126
1134 1731
1723 1245
677 477
659 1270
276 582
166 1363
1875 327
318 763
1250 1272
431 88
1200 303
787 617
292 360
1135 774
1549 262
1044 1855
1173 750
1538 917
982 829
223 1449
1602 591
753 961
261 792
1180 749
1792 1099
1432 838
1210 504
224 1695
1483 1890
757 821
1485 830
873 1519
451 446
1656 1010
95 630
894 353
367 1745
1081 1107
1576 1833
84 495
1774 642
735 1686
899 1213
470 662
468 219
1490 285
978 1572
23 1037
1049 582
262 1409
92 240
190 124
848 237
1613 355
637 1583
13 1052
318 1829
263 420
931 1039
712 635
716 1526
810 1385
836 286
1791 478
1759 573
713 1320
169 295
427 249
310 1578
1580 769
1192 1729
1588 1159
828 74
383 840
1109 52
1461 981
1514 603
699 440
1612 1111
810 460
670 1913
62 1010
152 849
1300 1385
1861 1027
589 1469
1562 1165
1794 1553
1713 4
1701 554
433 1077
1890 1645
1280 1694
1256 650
730 1136
1195 922
1697 251
1232 192
191 754
978 469
680 1060
819 1140
1220 1670
619 1899
680 1728
270 1053
259 711
643 434
1147 999
1538 672
1038 994
290 127
982 640
1078 1529
954 611
1341 189
1711 906
903 1276
500 1747
1307 722
550 616
1696 562
1316 95
1481 1146
1054 1254
129 1808
1490 1491
1739 27
1642 473
57 1008
1214 55
384 256
1042 1678
1094 628
836 1750
1009 1594
1166 1864
313 637
471 788
1673 716
64 339
1624 1614
1903 723
1818 570
139 731
1721 1251
64 685
1869 38
1418 1498
1493 191
657 1165
851 1113
878 974
1905 68
1183 1294
1630 928
190 970
171 872
680 868
131 1013
219 463
1010 828
970 759
1386 789
645 854
562 1178
1014 1559
119 1595
528 1118
857 1735
334 816
1402 1596
854 993
275 590
1346 875
61 1056
151 822
702 778
685 1896
1067 450
1555 763
1165 1152
1872 747
1821 1275
899 321
816 1262
639 1307
1685 457
1627 519
344 835
1314 1306
473 801
691 602
210 1693
1751 1850
934 1590
1285 864
1550 1491
1037 273
1443 528
107 1337
1275 1037
999 1817
183 1648
354 1240
337 1454
1460 842
1057 1354
1623 980
779 974
961 1490
1872 1784
1404 16
1318 417
1435 819
1097 780
1123 1917
1614 844
1546 861
1055 45
1447 1629
1210 950
1321 1010
1163 113
885 794
1680 1689
668 899
201 1491
1020 421
105 852
674 899
182 1051
297 240
884 700
1450 982
520 1303
562 365
1294 1360
1606 98
1646 300
1502 1271
638 1569
961 909
1507 1058
362 335
87 461
334 1217
862 1091
911 935
422 1269
1717 58
1748 1723
1834 147
1506 357
163 1265
1406 728
1609 855
1366 314
675 1205
918 806
61 1235
465 1020
920 1809
1918 435
550 1207
1232 1819
211 281
63 702
1364 776
375 1009
192 1237
1398 1081
894 560
1773 743
1510 139
219 1317
318 219
649 1827
1266 755
907 1658
75 65
1218 1136
498 708
1449 690
156 1742
1482 1755
1380 1165
357 686
494 769
702 1203
642 615
112 860
727 581
1878 1719
407 1630
1343 1731
744 477
155 699
693 66
921 1553
1318 1198
989 459
1255 964
517 1092
163 1034
400 678
1673 14
529 674
1234 243
419 1508
913 865
1792 262
1365 199
1702 1668
986 219
1253 250
202 22
602 723
55 457
333 534
398 1069
766 211
1830 158
1178 716
268 1192
836 41
1192 807
1563 886
1580 94
1422 1553
187 1594
423 1198
1097 889
66 11
971 91
1831 870
558 1138
1363 1057
1062 689
1061 1002
126 1263
1472 101
1293 534
257 118
240 1601
174 461
321 172
1675 173
286 87
1701 1694
496 1564
1877 1122
1842 1227
761 1798
724 832
531 681
658 1178
1083 922
1447 1617
1211 1098
432 165
286 1888
820 626
27 1082
159 1066
885 572
265 1556
640 222
741 773
145 1638
1704 1403
1155 1345
384 1201
1288 59
387 104
52 1544
612 887
1495 11
947 1885
80 1598
660 1386
1163 1511
1830 1112
1706 57
1247 1302
1644 1611
90 1029
908 1903
1466 1666
900 921
644 1810
363 1105
1457 1886
1860 53
482 1548
33 1751
1799 631
1497 355
138 1135
143 1912
933 1590
1357 1440
153 546
913 1499
1071 420
1674 831
699 350
564 357
461 1756
25 340
1327 175
955 219
549 791
1659 1462
1304 282
1128 284
560 933
180 690
1616 1175
1538 223
1667 786
1373 1618
1531 579
861 19
183 1692
1054 1300
186 497
1660 1096
454 1699
748 1253
1553 1824
491 1278
254 1124
513 114
1180 533
1298 767
1408 360
905 1867
911 193
1541 1005
1830 699
1039 1102
1624 1900
73 1863
580 1610
726 1866
999 1657
1796 602
1307 828
53 1075
1734 1840
878 1434
1158 1838
1699 1274
1814 791
1747 1044
397 502
323 341
387 177
425 1610
334 1833
867 1337
1256 1383
1876 973
163 326
1706 641
381 102
1748 1777
944 318
1149 1267
1282 60
1235 345
791 608
1424 508
17 1743
1898 1313
1122 43
1365 471
1828 851
225 411
1332 873
1348 827
1358 1326
716 1624
707 575
1071 495
717 1314
911 1001
1199 494
879 247
26 20
1183 663
694 524
1620 1840
357 240
1685 1222
1423 1144
1900 1162
926 1742
352 1447
1126 377
1469 878
1465 1813
1095 1455
1915 1516
7 1338
1575 1684
1111 1769
876 194
155 444
1113 391
1256 1228
651 402
1258 920
1539 772
1136 40
328 746
1486 1200
1604 1396
1636 609
618 1328
1043 1653
1694 1125
893 716
463 1710
41 1851
193 1733
1719 1178
1685 544
587 1599
516 577
419 895
1466 1462
685 530
649 1484
1703 636
334 66
787 39
1615 1519
1443 1832
1599 1759
785 1226
1365 86
974 424
890 637
1779 1260
1432 1650
269 1559
1497 1494
1917 1917
399 1760
1351 432
1628 143
231 601
245 906
1286 1232
1078 72
1894 545
1454 108
680 300
662 829
1498 844
1900 884
21 341
636 1235
1073 1583
152 412
710 1055
510 841
132 694
299 163
1650 765
1716 876
813 469
389 1306
807 1262
1599 228
1713 1338
1756 1761
563 1492
1897 1644
295 1334
1719 1116
1214 1047
516 417
282 406
1198 49
465 344
1481 781
451 88
1423 1461
1917 1123
941 1877
506 1588
1433 1428
305 1712
320 1396
129 1199
502 1247
1431 963
763 966
1873 564
473 786
463 830
759 1655
1221 1384
1379 543
1583 925
1692 194
1417 930
968 1144
362 546
754 442
751 1644
804 1378
1441 827
1757 1661
1790 1590
160 618
491 898
1172 623
202 729
1783 1163
1430 1338
624 83
1456 968
1583 75
1703 1435
1228 1554
59 144
571 177
1768 1865
487 1349
1827 1706
427 703
1277 294
631 664
1766 557
1054 524
997 1217
281 1774
475 918
1052 1563
1764 873
1084 707
1733 635
388 40
1299 686
1240 57
238 1398
154 1234
1781 1640
391 1462
859 1089
774 786
1278 1752
1254 253
396 458
210 1477
593 241
1829 837
270 1711
1235 394
1237 875
588 126
218 1092
1354 701
405 1466
1852 606
545 1235
662 274
1747 1299
1643 361
843 1429
274 1422
691 416
23 822
1480 1044
1890 379
417 471
1201 513
968 1321
390 1160
476 939
391 884
1677 280
247 999
6 906
1550 333
292 311
471 1193
1670 162
30 1064
137 1357
1365 1189
1341 29
270 276
783 1282
175 569
1481 539
767 1568
923 1103
7 654
1728 1172
1261 539
1741 816
1605 1242
1241 539
1470 1884
1645 300
303 1073
1644 358
811 368
243 300
668 696
877 1701
1050 661
549 906
23 450
1030 1644
1602 1009
1607 781
33 1391
1470 233
437 911
1188 1772
1109 1371
14 1578
247 733
805 247
1860 1655
1557 575
1119 1290
1050 1479
1790 862
1312 1086
1208 560
885 1253
1335 1426
235 1735
665 161
1390 658
1480 332
1451 1446
1666 95
1344 1201
1111 1196
943 1393
274 613
274 213
1845 1903
1593 275
327 364
22 103
1697 1365
1126 1416
989 706
1517 363
257 623
783 1051
1420 704
1344 1627
1807 1401
1609 1597
1629 666
1845 1409
485 540
279 783
988 723
1700 230
1164 914
296 413
1419 1835
239 1685
1225 144
79 92
550 1448
291 1242
1829 147
809 1801
931 885
270 748
1681 1206
227 1498
765 1759
1752 1281
1821 1005
1223 594
1432 859
1610 374
1079 495
1108 58
728 767
572 1159
766 1347
1024 352
1596 1323
1777 1695
135 295
334 816
1200 1050
1610 1511
706 1551
1917 417
1591 791
1663 784
1325 1475
1376 1331
1772 22
1467 1331
141 12
1467 1274
1698 1277
107 1210
1418 1459
1632 114
858 363
905 40
688 205
31 1718
421 1597
378 1298
22 1143
651 658
1572 589
1634 111
1778 1659
619 1368
1574 1481
1576 1217
1203 908
234 1570
223 255
935 491
1046 1710
266 1743
350 1437
1297 477
1264 1591
878 1023
388 247
183 1583
1277 149
276 544
1443 430
159 1030
1246 1091
209 1564
530 1143
704 967
566 1529
1026 833
625 1797
828 1828
366 942
684 493
1302 1318
1715 1791
83 1258
22 1426
1093 39
935 1384
515 148
1838 53
816 343
1158 33
1131 1333
1043 506
915 84
846 1810
280 1054
48 1867
1825 998
492 1608
345 1449
1369 6
1636 467
1093 466
1846 1238
1179 1893
112 417
1005 115
213 162
29 1324
1458 1599
1503 1426
1784 1176
321 1403
1552 1612
1847 522
231 670
1049 1876
1162 1654
762 1424
218 181
1330 1850
484 445
1353 315
689 533
685 678
988 1723
694 1852
521 269
350 169
958 239
266 878
550 1552
1851 763
779 259
1648 183
1496 726
511 571
444 373
1292 1773
424 1866
434 512
461 1784
766 218
108 1786
1771 723
1683 1439
27 282
1011 268
459 1455
238 1607
127 1097
1198 1001
1215 197
398 1868
1797 1407
1233 348
1314 673
924 780
371 1382
595 1110
1885 14
266 160
1020 1604
776 334
781 388
21 988
1708 1450
1577 854
1455 331
1379 162
1231 1195
95 1185
688 572
1090 1163
1649 391
744 558
86 785
1282 87
954 295
1090 564
332 1744
1414 83
153 900
1529 1856
1879 831
361 1822
991 313
565 1535
1410 83
1819 416
1331 1480
697 377
1673 1216
493 1436
1616 977
1547 1021
5 1018
1778 116
1071 434
482 1249
737 1195
1889 781
425 492
1675 1159
1763 1710
1447 603
763 1002
666 1224
342 351
1229 946
1345 1450
1835 727
470 1443
1303 364
940 301
64 416
1504 1904
972 1603
1063 26
816 1161
650 1648
1738 1151
1003 332
1218 264
1427 1195
1615 578
945 280
527 620
1815 563
800 866
1844 555
1807 1156
374 319
108 608
1176 967
712 108
839 182
1627 772
1612 119
851 1407
1868 487
1535 155
1602 221
1846 1251
1469 1682
820 1148
951 1835
327 1175
1375 1230
1498 249
227 562
1864 1552
1149 194
303 824
1061 567
852 772
261 646
278 971
173 1350
1350 647
1658 1711
789 1750
365 1546
415 65
1027 666
1221 1081
1175 674
1135 1145
495 1298
173 1556
1279 545
613 1656
912 1862
983 191
1535 25
1515 322
698 742
637 607
1606 1888
139 331
1702 133
195 900
460 972
1824 649
138 1478
1861 595
18 315
1659 414
261 1444
306 385
1458 69
1512 1164
429 530
787 919
576 967
1463 253
891 900
539 282
1876 1110
579 1392
251 320
1494 754
187 1369
108 584
72 1027
1700 1027
1111 53
1094 1519
1449 985
1038 505
337 1170
1176 1175
23 330
264 1803
76 933
400 474
1734 1481
232 862
76 820
1449 1236
309 803
1493 1768
289 967
1016 1854
781 218
1134 881
436 70
1251 1850
1519 1443
1785 878
1763 46
674 1399
102 1682
30 1823
1806 1321
344 190
274 234
1779 1681
302 1118
240 1172
1720 155
140 154
112 1260
967 1299
1080 454
17 317
1139 1570
1175 858
792 1889
452 1006
895 988
1608 38
826 1895
1139 1294
682 1690
872 312
1549 1308
1552 274
1098 1591
472 1677
1800 747
1516 1468
1638 574
1571 247
1849 1181
1140 273
1426 1680
51 251
769 21
363 367
640 948
1389 57
1541 266
717 1206
535 707
1596 970
1074 825
746 1301
1063 1149
988 483
220 32
906 991
1372 1870
85 1878
783 17
1849 946
1671 627
1000 1418
1451 464
225 1710
1408 1741
1504 1750
461 361
360 1683
304 1893
1103 1736
1361 767
1734 1682
198 883
1022 1729
1404 1812
104 540
1763 221
907 313
1042 77
1847 607
399 738
101 783
748 1381
349 629
701 1602
193 840
61 1056
681 841
97 539
1420 996
1730 361
755 1788
1547 48
1681 345
1025 507
748 1466
286 1511
303 369
723 841
407 568
1209 225
702 13
410 157
1710 183
1094 705
291 228
1367 758
842 1849
218 729
54 57
1054 1400
1575 1015
192 1911
1042 677
857 1557
1113 1670
76 1243
683 794
894 1496
1843 1502
1054 1418
1046 1280
1176 1484
598 333
532 1653
1717 499
1338 960
1658 184
238 422
1146 296
2 1258
1453 723
503 565
1851 63
1373 202
880 535
200 1829
760 1705
243 1027
1218 1135
1611 1712
729 879
625 862
1304 1487
1860 499
113 373
152 963
355 841
547 854
1809 1695
1662 269
1544 639
817 1517
89 409
822 1573
1144 392
168 1748
1657 368
334 1735
167 199
1824 798
1496 1587
1412 1679
1167 1457
328 1514
1691 1742
991 242
1474 1070
1170 543
65 1003
1177 1476
792 468
602 1626
1102 210
166 866
1849 600
853 1336
1681 660
744 110
951 1154
1100 1645
501 1473
1393 53
117 1151
743 1603
1517 1763
1052 1807
801 82
34 1202
1343 1530
747 1763
400 1857
1901 1004
1859 1282
494 1722
855 842
1471 88
856 1734
777 295
598 220
971 1502
1268 150
222 1709
583 1465
388 19
1761 690
1643 1053
722 1456
1831 559
526 1185
1754 443
36 433
1360 1008
1185 1521
745 1818
882 1497
480 34
1634 153
1135 962
1316 70
215 1282
383 1008
1591 1151
1405 569
287 402
1505 1033
1530 214
261 1128
1619 1422
1137 671
750 893
276 487
894 659
1062 1256
1627 109
1705 241
1364 799
1676 1715
1103 1410
21 489
1889 163
1491 1829
96 1358
716 377
1260 1899
1714 145
868 1125
1152 37
265 1008
1866 1612
1684 124
313 1808
1430 71
1275 20
1252 70
723 1774
576 1126
163 1821
1349 1725
280 1666
382 1595
616 1773
1307 31
834 1107
1106 1882
1126 1356
1855 1688
260 1620
664 163
623 1914
492 1291
1016 91
607 186
1475 728
1001 843
704 338
1516 1534
984 1428
949 1568
390 43
986 1891
1175 376
732 563
1812 1796
295 1128
988 129
1178 364
1236 911
455 1359
1584 1255
1652 765
1315 1151
339 1884
1126 1309
1029 346
354 1394
711 712
1810 1578
796 332
1802 1674
667 597
1545 1687
1315 1066
1742 1165
418 252
108 594
775 1550
1585 1101
1624 580
1036 1741
389 1182
39 1050
161 1440
1766 1449
470 1816
202 969
373 1770
560 479
275 996
938 1120
979 1797
740 1293
391 1054
806 605
1699 1827
1215 659
790 1390
1217 89
835 1911
493 1631
156 53
1174 290
353 710
1359 33
1834 6
1797 221
607 399
1513 814
1069 481
670 697
920 1171
841 313
1387 1059
1858 1545
1784 836
199 1225
874 1120
162 307
114 1008
500 623
1915 393
1591 149
1356 1814
728 1105
1067 52
1554 690
1833 1232
33 1368
1732 970
1645 1402
789 528
53 826
1175 471
753 1422
63 853
165 912
1729 1688
1147 685
628 1185
1193 1104
930 274
796 60
1606 380
1842 1220
729 1357
1114 1913
1597 509
1581 1596
1789 574
260 1601
1532 461
174 622
1041 1647
967 476
793 1678
1549 1498
1293 1073
1641 519
608 1423
621 19
1070 865
1277 212
810 850
246 1282
488 936
251 1805
178 1508
1207 1592
284 221
1269 1503
1805 531
783 481
67 913
778 1410
574 410
469 53
219 1842
1754 1206
581 962
1842 1394
1695 372
1641 937
1126 1366
348 609
1445 1648
232 420
170 1140
1384 22
427 537
1724 62
914 1416
397 605
823 182
1290 1186
1455 399
613 52
768 722
427 1840
1304 720
906 518
1027 1158
1775 1619
467 849
786 540
1497 435
1815 4
384 789
952 333
1570 174
1200 674
23 1344
1377 263
371 1433
922 984
1559 402
530 1141
270 959
1579 1864
462 608
1358 1481
1887 1447
1853 1414
1830 355
1257 199
1270 754
1910 928
146 968
142 1644
410 213
285 1798
1083 1686
1099 1815
697 810
847 411
1526 785
63 928
552 1211
66 463
1322 1692
387 1578
1565 1129
807 221
1567 248
819 691
1030 5
542 1122
556 807
363 623
613 1419
1632 858
425 1464
213 1349
390 155
1290 729
53 348
154 894
52 490
1355 1349
364 690
326 504
557 105
138 1160
1076 279
232 1032
347 697
95 835
1207 1175
1466 50
1663 662
374 336
1527 361
1609 762
1767 1853
616 1226
736 1048
714 1866
901 746
1734 1088
1077 1054
982 1490
546 649
280 1732
484 1128
629 1763
1480 1151
188 1378
987 515
554 932
749 1643
447 500
1899 1871
1442 512
1523 596
874 637
359 952
47 1384
551 402
185 1166
1117 765
1308 611
68 1508
1757 1482
1185 12
988 607
208 26
1536 585
77 1026
171 274
1582 861
388 868
1560 890
1054 1450
271 685
1869 422
563 811
799 1155
583 1569
1704 1329
1553 834
1551 811
1385 1458
39 120
1380 1127
229 1021
1166 1613
98 395
502 1818
388 1810
859 587
1621 697
1362 990
1202 830
1547 590
1900 739
1499 1898
299 1898
1589 1690
982 653
702 152
77 866
1305 227
1193 940
81 529
582 1166
318 1727
710 1370
215 1271
1202 1753
1850 1340
1321 859
579 854
103 839
1763 423
365 164
1620 496
867 1780
704 651
960 348
44 1328
1310 1696
757 1795
1341 586
770 1435
37 1442
309 1349
1741 434
1528 930
294 950
588 300
347 136
277 303
577 1683
571 1434
1302 1082
27 1875
1370 41
1173 171
118 174
314 283
607 1721
1625 695
1852 1507
1106 1342
1027 1352
744 1828
507 999
1407 1665
21 1621
19 919
1480 173
1586 1158
878 1514
769 1523
975 276
333 1710
935 67
615 1202
476 755
373 1124
974 968
1087 577
1552 224
1419 148
313 1276
56 63
1384 1540
948 1798
799 1158
816 431
1726 1076
1306 932
1518 767
1906 347
1420 1616
1580 1045
948 1746
1598 192
457 1791
849 1536
1129 1239
267 662
1333 566
45 1649
385 1145
1407 809
633 531
1825 1379
1791 1886
615 1232
1697 153
398 1138
106 1703
1564 1332
592 359
1328 675
177 504
971 441
1566 1797
184 250
691 1639
789 1849
1848 745
955 1111
1422 1203
724 1624
356 1913
708 718
930 654
683 999
1892 889
1216 967
765 1873
909 308
841 374
319 1694
1614 1610
1802 1186
189 576
1344 728
1250 467
1486 335
100 1316
1813 1378
313 535
869 440
251 858
1888 638
497 1573
1410 1646
1330 728
436 723
153 655
915 101
344 1149
1874 1168
1915 692
921 756
1339 888
1894 108
645 1370
1623 822
732 1115
1640 1629
1230 1821
1034 1417
222 58
1653 1013
1485 1001
811 1358
995 635
348 1418
960 815
1629 125
944 671
1277 340
63 1058
1403 1267
1111 1691
1741 1027
1321 712
788 1418
296 382
1549 625
546 1046
312 1892
1829 1248
1147 419
719 1268
182 737
1287 546
376 641
1530 1299
451 325
348 580
1916 984
514 1682
1837 37
1007 1656
1510 1552
1383 1394
1175 1240
389 1013
153 68
514 244
895 934
1212 1808
1599 1311
570 1137
1148 180
223 1284
637 380
1052 1060
209 1297
387 1817
1363 670
723 712
122 1005
571 1028
1473 375
1495 486
47 1346
1055 682
1652 693
375 981
370 740
1525 891
571 379
1870 818
575 548
130 1570
106 1731
1221 1266
1602 875
263 830
766 980
503 426
1275 393
1085 917
707 252
540 1601
520 1030
1750 937
1255 1818
1797 897
1670 1686
1265 646
322 910
1216 1213
584 1304
1627 552
386 1407
1371 1221
1141 154
869 1622
841 789
1374 1839
1222 90
957 206
424 308
865 419
410 1533
1097 1349
165 194
604 808
1316 1273
1597 1200
1244 899
1667 361
838 1240
869 1093
577 42
62 373
1545 293
773 1575
948 1268
302 520
1368 1039
1591 1179
1664 855
1096 1885
1338 90
55 1650
662 1249
1253 780
1832 260
1406 579
785 599
172 1588
625 199
98 1810
1668 356
403 876
1015 272
288 1881
1792 1111
960 458
634 782
1050 1217
1836 1866
189 642
1567 182
1594 312
1436 1651
1682 1080
1003 1447
108 757
1552 1505
1224 612
1730 1749
1737 1689
209 1866
816 723
1075 1466
1586 1600
364 478
33 1194
76 1879
304 1820
1673 1130
883 542
1651 1062
288 1173
1689 131
1883 1158
1349 627
564 74
899 446
1349 579
957 714
1546 211
253 902
994 1500
534 1834
915 536
324 1187
970 1501
1165 953
615 372
365 1762
1158 965
1227 1056
1691 1465
1630 1274
1617 1054
1370 723
123 506
303 1314
577 1805
335 1911
1495 718
663 1567
480 217
28 1780
209 1421
1380 1042
16 1600
436 840
329 431
1321 427
1697 1338
374 404
654 1811
207 778
1660 434
1909 1207
899 650
8 1441
1156 432
1180 324
1318 1172
321 1031
327 910
1483 117
816 1481
1745 1763
710 318
520 1091
1673 83
1657 1531
1763 1522
1748 1467
709 1359
871 1916
1161 559
988 1480
825 1143
1706 1583
1896 747
1480 1367
725 1889
8 991
1737 258
910 442
892 1606
1310 305
1536 1845
1782 1618
617 771
1452 87
1905 1481
1282 1029
877 664
1425 141
1124 730
728 597
627 1509
744 935
196 1666
1506 1141
1787 1686
1370 745
1413 1716
517 865
988 561
1471 1184
700 113
1729 1327
1136 268
94 1105
1785 1037
1747 1437
86 1283
984 1338
1799 792
1134 1850
1315 863
1642 305
515 630
812 253
1009 226
789 615
476 896
520 1661
241 1317
885 1633
1013 1810
1036 296
801 201
1855 632
1558 13
607 865
1449 272
363 1061
345 858
11 83
80 1318
498 1486
236 1668
121 1778
1493 345
1378 58
1311 921
816 485
1205 67
959 797
848 470
1873 365
393 643
460 390
1103 93
179 1772
1193 578
411 826
374 321
1854 327
264 750
314 1538
1785 982
175 1737
714 1397
241 883
352 1537
1774 357
1489 76
1632 438
278 143
679 1241
742 1683
1384 1481
298 531
251 927
108 523
625 487
1190 1891
907 1326
99 736
1537 591
668 1604
1888 1902
1282 691
1772 1068
1157 14
993 750
929 144
175 295
151 1126
1193 1773
1852 1384
9 58
103 1112
1842 524
924 1133
467 1560
1337 779
789 1105
448 1575
1162 1072
380 35
314 3
467 939
79 767
1150 665
5 1420
453 801
268 666
295 959
1172 1823
656 1704
756 1214
1443 1151
1019 1794
1186 589
765 820
1065 604
1668 270
155 1784
858 964
1784 15
41 941
381 956
1449 1320
471 1637
467 1168
1635 1634
1907 988
189 1870
1253 566
492 1030
1492 1219
1312 31
555 723
490 1880
796 408
864 633
1558 1812
1195 1110
203 646
130 1457
731 1117
85 1030
1659 33
292 1418
231 1010
1127 687
887 790
452 161
1879 393
407 1875
1776 1365
1006 1296
1150 1204
1248 133
1198 301
1288 284
1662 972
48 723
1765 586
273 991
471 672
1378 380
652 112
401 1705
1132 510
1764 479
582 163
1436 108
1713 1395
1263 1042
527 1652
1348 1777
584 1524
1555 153
1 1335
73 1143
1116 413
1894 1412
1668 1537
761 248
946 1714
485 348
1910 1079
1507 1755
1313 527
474 1852
1075 1472
1626 1683
1311 967
464 1830
213 816
1604 1845
915 439
905 1539
1508 978
1108 1197
639 1743
963 1514
1091 920
1321 285
711 1585
1734 814
1426 992
507 1012
676 871
845 429
1443 1561
1449 373
1203 123
333 886
774 1882
1849 1169
715 747
210 1868
262 322
316 129
1146 942
1607 161
1562 1282
1048 1693
155 1468
305 1236
1153 1694
1198 525
1614 529
538 1492
1804 1850
1438 183
254 1437
241 904
1180 1808
1829 906
718 1806
1378 1729
380 1374
540 495
332 752
1388 504
1386 1412
373 402
1245 1675
721 1539
832 1634
1175 1860
1289 999
860 1845
1594 1454
1520 363
22 1675
1637 734
301 795
1328 1692
123 1826
1759 1095
40 1048
656 766
1497 1121
1687 1601
494 1019
704 926
870 204
495 88
1607 903
972 671
970 456
1285 22
821 1410
1193 433
374 962
10 627
255 183
1863 1276
961 1875
1175 487
1416 1415
237 569
1079 1017
107 333
1734 1514
976 465
213 215
1191 1055
713 1548
374 1580
1543 281
204 1298
764 1841
508 394
918 805
449 895
782 1752
1500 485
802 1762
128 1427
106 1769
385 1183
1608 1625
1610 1752
780 221
841 1764
1249 1295
735 928
699 22
1705 1734
78 1192
626 140
1722 1785
8 541
867 1133
1740 1202
1277 1654
741 359
61 895
1328 1672
449 1488
388 1129
1379 1618
756 1014
1607 143
1166 158
1040 1354
917 1225
1912 1115
1476 1778
960 1669
1891 597
1121 215
820 106
916 1849
1908 1243
94 1337
1374 947
1655 605
1739 834
1678 530
323 1315
1353 680
1579 808
1175 1652
1798 1548
1243 1707
1841 1373
22 614
657 630
789 771
573 951
51 1035
189 290
294 505
457 600
1312 194
1201 1041
73 216
428 152
1616 1473
648 742
565 1387
333 801
1303 644
1460 535
1384 1259
353 1542
812 143
571 1337
3 650
310 1783
918 1057
1301 682
1272 1004
176 394
793 958
682 1793
1475 24
983 1835
1319 196
635 577
1785 1413
1443 86
1751 113
1031 256
1236 488
689 921
738 1557
1657 297
1393 1758
610 813
501 973
669 1481
608 1339
866 921
1684 1648
351 363
553 939
1362 270
1152 1300
230 1872
1411 731
1884 484
134 1336
1104 1156
834 319
1461 1765
766 1142
884 1192
861 670
194 1358
1021 1004
506 381
1916 1916
1202 1420
1792 345
1562 902
950 162
1667 1806
773 383
760 227
754 1834
1600 12
495 674
830 551
1192 361
632 423
515 447
192 835
472 1137
783 102
1091 1305
776 574
1565 552
1444 803
1438 1048
1241 1430
674 1476
1085 405
20 1144
1182 1347
254 1009
1246 1330
1842 1543
1495 816
831 1239
904 1584
1520 945
1196 952
558 1214
822 935
1400 1244
1172 1553
1851 1473
22 1903
1516 332
1308 713
147 1724
16 1341
638 478
86 1168
164 1378
954 265
1759 329
681 1827
812 1018
872 80
1047 1243
913 948
193 1456
76 106
1399 384
609 447
39 761
1076 385
29 1094
1405 966
669 54
854 1615
393 1442
136 1686
823 1763
290 1896
1803 416
1053 604
1275 773
1734 1478
1221 1446
615 1661
774 733
1111 845
861 1903
1767 723
1592 1693
1203 922
713 1616
1537 1840
645 354
1405 47
235 1505
738 303
518 1586
176 554
859 1751
130 1629
1552 1187
1610 518
447 167
857 1005
1667 569
1787 364
1211 505
106 772
1461 1861
1248 230
560 1069
1292 388
1787 1460
1007 1598
1779 1607
1744 196
661 1544
673 282
241 163
96 1725
602 1002
1711 645
1859 419
429 227
270 574
674 1028
1723 1137
44 1694
1871 1903
788 1407
262 110
1151 1399
930 1036
922 1253
640 1260
1172 1376
1738 153
191 1804
943 888
1410 38
1109 1010
1401 1167
1498 29
1328 1881
811 188
1204 1106
880 284
669 906
1667 862
1667 247
1065 1656
248 743
579 873
322 798
851 1255
1690 461
666 1674
1837 1565
225 1568
780 1121
746 723
387 285
182 1675
924 1563
453 656
139 1140
1296 1773
773 113
662 1411
1668 1651
1339 1319
482 1190
1632 1356
1379 675
1169 837
1483 904
1760 1324
1726 1278
1752 1788
1562 1782
1151 1489
1399 1598
666 1296
142 598
1745 197
530 1344
555 735
793 1833
139 938
331 1614
1863 1814
399 1852
1311 1257
70 1299
702 140
773 658
247 1366
291 1473
1329 789
94 577
471 769
303 1112
932 323
817 893
484 1086
1160 1070
790 71
1598 318
1439 1250
326 1374
596 136
573 1184
990 308
336 1065
225 739
1317 233
110 53
1340 330
1327 951
1058 1900
1859 66
1804 723
874 151
1538 15
1656 160
1285 723
151 291
1323 117
191 757
106 1622
668 68
1641 776
120 1811
1446 695
1861 447
1212 930
1270 1812
1457 1002
666 1689
1215 1103
623 509
1048 696
652 1165
1777 1651
247 648
454 1314
283 1235
327 147
1405 341
1723 423
299 1100
773 953
1233 1133
239 1278
1661 1087
1729 1909
1127 1464
1502 39
377 1150
417 361
315 1615
1538 60
1170 240
1071 1491
192 1303
404 1756
258 269
288 615
780 1601
1554 579
788 1709
226 1512
1533 1615
1063 1522
1804 16
1713 1661
1379 1635
1027 299
524 265
355 1149
119 180
1294 510
1837 1647
82 1073
649 1175
1058 966
1430 548
1178 231
909 1471
883 288
1788 669
663 391
637 577
1790 1714
1675 333
877 1908
961 623
18 369
893 1261
512 1335
212 1155
930 1098
533 1485
1453 851
427 343
590 1039
1803 1619
1693 191
780 778
936 371
1080 59
1863 1791
809 1816
1906 1766
1033 1442
10 1774
1720 1025
1859 1863
963 1897
1578 1579
71 831
1405 1282
423 1502
1518 265
138 1782
951 754
1047 837
1890 1840
1256 1774
1828 978
1858 313
1342 402
786 959
1465 1902
1199 1350
1412 636
1136 202
659 1253
1385 92
1797 1122
853 399
1381 1408
621 570
1770 845
1456 355
119 1097
1748 294
359 1623
172 698
161 956
1535 1215
831 777
896 1109
112 1485
513 673
61 1479
590 1218
330 1352
404 1910
608 1706
948 960
1114 242
831 190
363 479
1886 1343
1322 1624
404 1059
628 678
1085 856
62 661
878 1806
136 977
532 1859
1000 732
469 1587
566 679
1131 1502
1464 1707
470 33
907 1861
146 934
204 423
991 1890
1528 1048
506 1284
1494 345
994 116
1463 1812
1477 1227
702 845
596 1339
1761 1257
861 1198
1267 749
581 1581
427 215
1004 1201
917 264
1547 162
155 998
895 1802
1859 344
259 1655
1844 12
526 950
793 1421
769 1252
1684 840
191 1712
199 1087
224 1755
1209 1308
1002 1550
758 956
739 1904
1567 1598
1098 834
265 85
1257 106
466 1095
1036 726
925 1523
1552 191
1451 717
526 737
1780 684
1574 1067
1587 877
1488 915
984 1108
149 907
128 1158
317 1215
3 463
1629 575
623 625
1505 1063
473 423
1600 1810
1302 1807
557 248
364 704
1653 728
203 167
1277 708
984 1399
1827 957
995 1789
413 1818
869 1638
1266 199
78 1710
653 1795
1667 1041
124 1558
628 545
249 1304
1030 910
1063 891
652 782
392 346
1538 1629
84 255
1746 1020
1344 1901
1773 274
1250 758
868 1052
836 660
1411 1099
730 269
1046 290
808 1072
147 1490
485 186
1409 447
940 519
823 1895
1810 1355
450 996
1587 1837
1741 1452
1476 481
1096 1136
1598 1142
1397 1313
638 1078
1830 659
1690 1124
57 733
501 465
1351 1268
1510 581
1648 887
1054 85
391 1006
277 1362
1347 428
64 1651
1555 94
1165 462
545 316
1812 170
1446 124
1611 535
281 1647
1813 1665
1132 1882
381 936
983 1780
14 1056
1263 1283
1551 1200
1892 1467
256 1557
1726 480
545 1349
1859 949
1295 332
387 1769
289 274
102 545
1227 1575
423 1712
645 36
503 692
635 872
1217 697
1430 1332
1586 759
724 848
221 1142
76 1801
587 1303
762 1064
1319 1160
1620 497
1548 427
135 439
1805 1758
1210 406
334 1540
338 509
1415 148
1436 614
995 449
1334 644
178 88
343 1840
1453 1879
1615 1296
880 639
491 620
866 380
126 1706
333 791
816 1783
1060 1088
1272 81
1344 674
540 834
351 746
1912 939
1007 1787
1871 1598
1611 1574
1476 1455
1475 1746
974 1004
245 1038
896 146
1536 1589
1094 1129
518 1349
1419 928
250 1111
884 1774
1236 290
585 583
588 1466
1195 645
32 389
801 1070
1267 384
1751 1145
931 1659
1055 912
936 69
1345 1373
115 894
1040 1426
156 333
823 828
1803 1257
648 938
713 493
1526 486
1593 118
1782 1838
1667 626
1810 1286
1264 518
497 388
168 775
1835 131
802 1760
155 266
1281 1072
1289 1312
1819 536
986 666
1482 125
1414 1257
1890 1603
1722 1799
1745 1398
191 384
288 1869
104 719
1433 1125
1422 1084
1916 1277
1649 793
890 25
153 998
578 1225
1438 1361
1037 1826
843 1071
1411 1187
1188 467
339 202
1379 872
866 1863
885 1482
134 737
1602 121
1737 1187
144 1425
703 1791
1129 379
649 1183
1143 948
911 231
1174 68
611 491
949 305
695 1274
553 901
93 1426
1845 1129
1848 1665
1799 1890
370 464
1002 1525
1562 746
784 13
993 1515
311 1597
478 838
928 1253
1512 347
592 810
970 1806
524 1427
872 1379
916 90
1098 292
1639 1476
74 354
1398 1414
1631 456
1473 564
1482 1450
393 554
666 296
1655 1227
254 219
836 1257
1808 72
1323 651
831 986
891 381
567 348
1385 1639
1736 361
796 1551
508 1815
1424 1873
582 659
294 1338
13 28
1219 252
1771 1301
242 1841
1486 1104
1371 252
1478 1704
1648 924
1534 544
994 1813
249 1643
410 1319
1484 1788
1173 1453
1608 1267
963 1426
365 1843
434 765
301 1914
1688 1603
1323 1661
1774 1847
1540 43
687 1537
1496 355
1606 865
1558 948
1171 1151
746 1335
859 1654
1275 1284
1601 1911
1353 1674
1209 741
1770 988
448 517
553 1509
1888 547
1419 897
1165 426
1322 1721
1160 1458
707 1833
924 378
1530 980
229 315
1345 1399
1080 660
41 694
1275 864
597 152
314 1180
1476 1301
1039 1762
1094 1772
1631 840
27 1905
537 879
67 439
365 1853
396 1575
308 787
192 1588
836 1064
1893 183
248 1682
302 237
563 742
577 404
908 1205
1244 1840
1429 630
1084 865
1338 881
1627 572
1499 598
1647 547
580 1037
1519 1605
1615 1185
1401 68
823 644
1689 224
192 688
61 1875
555 280
1629 185
865 975
863 640
1494 204
495 941
1475 271
1526 1570
1776 793
1743 1864
549 1681
745 1648
1411 1116
1855 1757
1271 1020
1354 333
1871 481
870 716
1571 1237
634 1515
285 350
175 697
1398 502
1254 1532
1626 1342
850 725
1810 1387
878 921
337 1390
1573 188
1019 1232
129 386
1140 37
1227 1414
1450 799
1475 50
76 49
879 1468
829 1100
209 1203
1082 330
1037 612
1227 798
1359 177
1006 166
1319 631
1902 1258
1401 1205
187 1533
351 1913
249 820
561 1717
1042 1319
513 718
26 1739
1266 384
1022 278
1436 794
1612 151
91 5
839 524
1630 515
1666 439
931 1091
1024 591
9 1473
1696 800
1209 148
729 1093
476 156
648 269
970 1088
314 398
500 1064
1397 443
1310 385
440 1767
923 1109
1467 843
241 892
1091 1336
1823 1163
831 722
1544 1105
812 1082
114 17
415 277
113 2
1134 1817
1253 1824
1048 925
108 1641
1711 99
994 846
1804 1556
1803 1162
1266 907
1339 1086
1431 1804
54 521
1409 1181
1712 1515
450 158
720 172
529 422
1618 1435
1473 959
406 468
1320 1479
1401 1742
665 1100
1414 1396
157 1907
830 1161
1015 1257
674 89
34 607
45 96
629 871
620 1513
350 165
581 1171
528 1053
1280 1451
909 1774
766 1371
273 753
1657 1711
1471 260
1886 1705
408 1156
1739 1492
611 411
870 523
1070 944
1897 1186
943 1729
1682 768
205 1261
1466 71
1580 1247
809 1618
578 1385
28 51
1833 88
904 1081
1862 489
694 67
1703 835
1862 1750
73 721
1599 1706
690 830
807 1643
1435 171
807 1645
562 1305
658 353
1827 1757
285 421
524 1628
1344 894
858 1124
410 1376
516 1744
518 520
562 848
1698 31
1807 1268
729 1652
1164 1774
446 251
999 1887
705 787
1775 1087
1267 1304
1646 1469
1379 1836
348 1028
984 1331
1102 1363
436 109
751 602
1426 1872
334 1677
1560 1025
504 607
1756 955
1640 355
979 598
1598 173
1346 874
1307 840
668 1715
355 1008
1598 693
527 603
1521 9
1312 1665
1470 623
228 615
1658 904
1815 242
1177 1390
424 1473
1783 570
935 1272
1582 194
1148 457
1804 418
1257 227
1734 19
1913 1240
343 1310
1421 1781
372 1327
1678 1386
1718 411
1618 1002
739 709
1398 1794
1479 351
1787 805
54 1695
293 1501
889 1162
1691 1697
98 378
1411 1012
1237 1208
1219 1298
230 446
1358 1003
294 1804
246 612
1853 1414
1605 1758
113 1580
758 968
132 686
1706 1604
874 1849
591 1651
698 1730
1647 387
1810 1156
331 566
1237 983
1165 1037
404 992
1048 1275
192 373
597 1896
329 8
216 1107
835 425
680 922
1417 1802
846 1377
450 1032
1885 900
277 1562
931 1183
920 1017
553 216
1809 1359
623 460
1828 958
1077 1898
1319 185
753 1562
555 314
970 103
1147 1829
1812 594
734 821
263 58
536 1203
522 1504
453 601
424 342
452 1421
244 1166
1774 352
1552 439
221 1735
963 316
1445 729
1453 1045
1875 736
1719 61
1006 376
1614 455
1452 390
963 137
983 1791
199 803
319 1076
497 511
5 405
1719 1367
1043 1509
1800 1881
1163 1622
363 1124
1070 1653
254 68
671 225
88 1213
577 1034
1364 1036
748 262
151 987
1619 916
861 435
445 191
1661 166
1165 1288
780 1676
701 427
72 1290
348 1760
1117 763
1215 932
1674 338
1826 454
742 869
1804 1862
1259 1243
368 1791
169 988
191 1860
1766 1370
333 47
1191 1541
1043 1693
1484 1135
1300 1552
1662 1345
63 1467
1908 1462
1754 771
1090 869
297 1331
1337 1233
872 1119
972 1380
275 781
814 809
1907 1317
964 1424
623 241
204 584
853 1215
1347 302
1544 1339
843 439
312 34
1165 1788
71 1044
892 1634
1894 1427
1602 870
1451 50
468 1124
1488 1874
213 1346
1172 641
1296 1448
1211 1608
543 199
827 686
1784 818
788 1379
283 33
1598 1764
798 672
1825 373
1831 1310
689 535
185 1724
56 1800
133 1132
1868 755
1065 1048
375 647
1152 232
401 1802
1349 1232
420 1532
278 946
9 1850
52 1346
234 1518
1173 1037
1267 643
1293 970
1520 969
1827 491
1500 1505
603 1231
101 355
87 419
1454 539
1869 1878
134 48
1651 1517
255 1598
1310 309
985 1847
624 994
298 1234
1827 1146
560 233
1583 1906
1094 1086
1272 1286
509 127
263 1727
479 1206
1741 1037
1518 600
1524 866
1053 218
1560 417
1541 1244
1404 1731
1088 386
781 58
1425 1200
904 444
1836 1485
1487 1315
639 1089
287 800
823 328
1369 1304
1283 1153
1100 1387
863 1559
555 30
298 1228
17 875
1862 1637
1173 910
1197 1897
1734 1753
1681 495
449 418
1507 1568
1411 517
1906 843
1639 1053
1597 1680
752 549
191 1810
1141 195
1414 1128
333 1648
351 636
475 145
397 887
1156 1393
545 1084
847 110
861 727
883 105
67 321
529 405
1714 1471
1906 818
917 671
1857 265
1868 1057
1156 622
357 1377
868 1686
1725 1098
1432 66
881 919
236 224
1772 1700
667 1266
670 1609
657 1741
151 1187
316 1091
1257 202
1132 1562
706 1793
1636 1112
1266 1785
1407 1258
24 74
1130 670
776 46
286 1019
242 1734
153 491
1152 478
477 1575
1711 1047
1876 138
1679 421
207 155
1482 1275
762 1877
1572 1515
951 1243
35 723
841 1173
1728 598
1464 464
414 1738
1380 1231
875 300
1466 1475
1690 1196
1739 1657
1579 836
770 1189
1331 844
1783 1617
1760 179
174 895
1116 1403
539 507
1693 42
1455 1062
566 343
295 269
1101 1242
1732 595
519 552
1233 28
1414 1730
596 217
1598 710
152 268
1173 992
6 1482
1258 1216
44 1575
583 1188
633 317
1701 571
285 996
198 969
106 554
1407 17
1001 1718
192 1726
937 1276
646 1621
898 893
1646 737
346 586
869 832
16 550
1479 1778
950 279
950 492
1229 362
1867 161
1833 779
826 859
1807 554
23 1202
1545 861
257 1663
1832 843
1860 434
804 1122
1237 1051
1613 1746
1642 1549
1493 1797
815 1160
838 1598
1173 1387
1162 793
927 459
764 1598
665 1368
475 1768
1862 496
78 445
213 973
603 57
491 925
1379 458
1723 1074
755 394
1671 1410
701 7
1585 1881
810 950
1779 1061
191 446
877 243
682 146
550 1829
767 223
1262 631
522 1733
210 1558
290 595
616 710
1748 1434
716 1356
1820 793
1122 1835
1893 1423
1744 47
1363 1577
590 1209
501 110
881 1420
1756 1063
4 55
204 1740
272 470
843 729
1245 1766
346 1463
1880 623
1394 757
72 1095
388 1031
747 671
1618 314
712 477
1453 572
566 860
1905 627
962 550
436 267
1729 1273
1399 666
1774 1004
71 1365
1438 73
1811 798
1118 1674
797 407
1154 145
1440 708
960 1459
1388 846
606 88
1437 138
1796 1831
1618 367
1841 722
1300 1144
1202 1130
1725 377
1692 1829
1580 531
1139 219
770 1286
1762 143
358 741
1162 441
987 1531
1356 140
700 1147
451 1531
1305 607
1083 107
1002 1701
122 1858
1224 1863
1220 1183
1647 283
1532 91
787 1407
1399 1564
1590 1237
205 1418
525 1345
1687 1389
1501 352
1472 737
719 879
1102 965
1868 1392
363 1476
360 242
1400 1576
1743 1335
1428 1783
1026 1089
335 146
642 1103
1168 689
65 542
403 1854
1842 672
630 831
1605 785
1751 886
1631 91
1612 876
1797 891
556 938
262 542
859 147
253 620
1390 971
924 1669
1387 1257
1347 123
1551 559
442 1504
1075 880
818 715
223 1339
1797 905
605 8
677 1199
1508 1558
222 1382
706 544
1180 565
1205 1729
545 351
1473 1808
1542 1833
1702 174
11 767
1893 1456
1529 1835
1723 298
328 95
1441 404
1323 1011
1166 1339
610 56
1874 128
1391 1715
238 1670
107 1821
830 22
1029 874
1105 981
200 932
124 645
1650 1615
653 1615
615 997
1084 432
1683 1123
1686 488
1532 1395
579 1084
1597 1239
449 1687
628 1536
1511 1709
1720 1066
846 152
332 1065
1527 1374
650 1646
148 437
1275 191
1890 1791
661 1138
1316 740
1101 1821
1769 403
350 589
1309 1293
1039 1113
1404 37
261 1371
1648 1520
1497 254
546 1541
1082 1347
382 1347
1110 156
1436 227
1747 115
1117 384
1612 1822
28 1861
617 1365
142 697
1567 1022
164 236
496 499
849 1691
558 987
1598 195
429 1406
1647 333
1857 1644
96 1798
1372 1665
412 317
993 1287
1251 968
1283 1657
765 1013
128 793
294 950
1650 1685
1549 1253
637 1786
539 1476
47 1097
1384 351
1347 1117
1673 672
1822 903
1698 1499
325 1542
842 1278
413 1471
97 262
1705 894
1039 1257
106 214
1696 1296
1672 76
661 1079
971 1349
524 1487
1717 1162
1364 1889
1709 1914
152 1519
1866 204
535 910
64 1230
1206 1092
795 340
186 1741
234 1671
621 448
1596 715
691 935
899 310
1725 722
918 1258
623 407
1677 147
253 100
1797 168
1856 1439
624 1342
1102 1871
163 82
16 869
852 185
296 21
876 307
993 1194
778 1416
1560 1847
1301 686
18 1775
1486 1390
1173 597
1360 389
524 640
1201 1056
227 1463
1824 1707
824 1348
1716 1449
1068 191
77 240
316 1215
117 70
1633 1235
1023 1038
514 1281
32 310
1725 1017
184 702
54 362
982 1812
1394 1050
1636 1797
413 400
1216 1625
212 427
22 1261
750 1045
917 823
890 503
287 1170
1188 1113
622 1226
45 3
838 1072
84 1846
1698 1697
909 870
67 598
683 956
1375 1621
375 128
1711 1868
1223 1714
1494 1077
1100 1014
1561 156
310 1463
320 1535
1397 1475
773 208
727 1207
1199 879
416 349
1771 541
1635 498
619 1070
234 1306
189 673
833 1803
181 667
1884 1048
91 1257
1372 980
608 1670
825 716
801 1891
1706 1160
474 524
597 1863
1697 976
91 744
573 204
809 666
206 673
490 1908
867 788
1839 1145
636 568
593 1237
1321 280
999 545
1326 771
1651 581
256 1044
1081 1344
1047 1699
75 384
1893 597
433 937
217 111
1176 1257
498 855
1748 613
1907 1689
503 1861
1474 815
1338 768
79 1859
1744 177
1265 977
707 813
937 1803
942 1911
958 382
896 1862
135 538
260 188
1810 1330
671 1205
1915 1346
1865 813
1480 427
1350 1219
1562 1518
1157 389
1875 276
1204 1230
1385 263
1199 1716
1910 201
522 846
430 771
351 356
386 947
1408 1363
30 1333
1461 792
851 1899
388 1128
1810 1647
359 354
1159 373
719 150
1089 1430
1512 1222
676 1605
935 664
1905 255
392 711
209 756
1871 1291
88 118
1380 1599
430 1318
1594 1193
1718 1539
806 1309
189 222
1051 141
1310 1120
402 1591
1402 305
1844 618
1903 306
787 1443
1190 508
1179 714
704 374
1048 1711
324 1313
1913 1383
1570 445
967 831
487 1322
1310 1621
132 882
648 666
735 933
1371 231
685 1677
1413 1686
1126 612
1407 992
192 351
949 1912
185 1048
624 1049
1326 1582
831 257
929 846
850 1266
310 1269
1870 1600
409 1202
543 1238
1810 1847
862 926
243 1115
534 542
1903 1055
185 1386
1402 366
1674 819
1205 1779
1569 1470
1476 494
656 154
321 576
900 695
159 1055
1297 1713
788 1425
922 16
1595 1111
1788 110
1765 1111
1005 912
1463 1594
1503 1827
1125 424
882 220
1279 379
574 937
1546 1584
27 629
771 1797
1718 1249
329 645
436 671
395 935
1881 1267
1527 814
387 1316
891 1148
536 1708
1783 654
829 1883
379 145
1797 989
1016 1050
438 747
795 902
1199 1863
308 1
1357 1470
544 761
1481 1206
780 1774
1683 365
1660 1682
734 1895
154 1847
1269 824
1888 1858
211 787
1676 189
40 1303
309 245
558 107
1506 1393
914 1761
443 599
859 1325
877 4
121 1294
732 780
1021 1250
1502 1241
83 1006
282 1802
384 708
1817 986
200 1358
436 483
316 1329
1396 431
186 471
1749 365
1035 833
1514 952
731 1204
134 1664
304 100
417 1512
1424 648
1044 1447
1721 1903
1769 956
1657 1566
992 1205
655 1268
714 1410
927 1486
408 699
1915 1915
612 1108
1273 1801
1723 871
17 1552
1135 1112
1229 1204
1364 1050
1854 406
551 941
1191 1554
1563 402
1759 24
802 184
1131 1609
336 150
1078 869
1538 775
757 663
231 358
83 722
1476 1308
1728 166
1736 1904
1814 914
1801 574
1478 603
1120 320
375 494
770 878
1756 985
614 1474
1163 850
1366 686
1524 566
39 1443
516 1326
84 1397
309 1777
1387 1299
214 1556
1847 1255
87 199
496 426
791 59
1000 879
1839 1280
263 1072
1672 234
201 1790
148 160
1381 1341
1576 1703
1051 1073
819 1357
450 1089
653 29
1606 818
1759 483
1869 10
309 1363
1396 1338
1384 793
366 369
730 331
1835 1242
9 728
179 962
447 908
545 217
637 339
1690 1892
287 493
1689 1011
193 1255
283 491
626 517
1059 1390
761 571
1478 313
1865 624
769 1039
1612 1559
1635 267
1334 1662
1688 1082
1703 1757
1490 1600
977 1810
1219 1499
1356 169
583 48
418 744
1158 754
1822 514
1885 990
1445 1597
1024 1844
1336 231
1432 1231
135 1439
370 1741
306 39
914 478
1907 1253
1746 238
1625 751
742 688
1581 355
56 1617
1589 848
7 1226
205 1080
168 287
976 1554
266 697
1600 1118
283 803
213 220
1163 301
256 1040
1884 1568
392 242
863 153
1735 1430
1322 762
546 1223
1222 974
1037 692
655 763
867 364
875 516
1615 633
1507 1137
996 674
1424 975
1573 1596
767 1311
956 548
1426 1528
120 1467
1874 1668
997 1411
1498 180
204 333
1617 457
804 738
1401 1524
1592 1759
1673 400
511 481
265 1493
1222 950
167 251
892 1032
346 238
123 111
1707 926
553 337
1915 777
1215 1245
1517 51
428 528
991 690
1059 286
857 758
698 363
57 406
1242 1528
1915 1132
996 1417
1133 1459
1730 446
687 198
1037 1639
1670 612
1037 1426
869 1800
1570 1236
1874 313
1150 1152
782 83
825 1678
1890 868
915 903
1130 1562
445 1361
1901 586
191 107
1624 1802
383 1665
1562 286
772 1818
375 173
972 275
354 416
536 1599
789 582
820 489
672 660
512 260
1595 1329
815 972
583 776
1553 1647
1165 1531
1435 1413
1436 1533
1081 1032
219 5
799 955
1763 570
216 1902
1211 1658
1792 495
1108 1602
241 1401
1687 197
931 1056
1082 475
97 1771
1209 291
59 1118
1449 49
1713 1712
138 1476
1037 1231
1435 490
266 662
371 1165
1827 1539
574 248
443 1557
584 1089
959 773
894 364
1257 426
77 1405
1246 1031
62 1183
1868 1528
573 865
1685 1746
1182 652
1388 307
1693 741
1914 1199
1085 1347
1377 54
729 1360
1321 1067
747 676
1227 970
541 731
1249 1130
1175 1087
1601 1203
65 197
1661 613
588 1914
594 1635
1660 1043
852 461
1786 1051
964 1585
139 20
1680 1343
1289 959
533 1265
1673 1726
1071 1847
1723 572
1000 1325
973 912
608 79
647 819
586 149
61 1299
1868 756
514 1305
1162 165
237 495
1579 117
1648 39
1426 137
1619 1497
1788 108
171 1487
12 172
1627 331
261 99
1493 222
1656 1588
349 938
1760 948
504 1798
1449 1375
1495 803
466 1132
1806 756
730 1275
394 1793
399 404
1118 1033
730 1169
1605 431
644 2
441 1398
1357 1135
982 354
606 1393
876 348
334 1784
390 1121
1341 678
691 152
997 1484
877 141
1403 1306
105 1851
1054 1300
1653 683
1131 914
186 1224
695 1915
539 293
1077 1637
1453 1604
30 75
435 1815
623 809
1031 1654
1170 642
141 1666
861 262
1852 1194
1003 1608
1903 631
249 1283
165 181
1586 884
1890 1465
254 286
1854 149
1424 615
1335 1117
1874 1217
824 222
1419 1484
1000 693
1790 1733
201 1434
312 426
338 1472
1526 774
1209 37
1258 1284
257 1569
1881 1909
474 1723
156 1725
859 790
1194 883
327 1319
1900 206
1330 1528
549 935
1588 435
1419 1268
1612 71
1473 1093
1886 1268
1257 1162
1053 598
1212 1648
34 116
840 376
1705 1464
1323 248
1578 1632
481 406
729 815
534 710
1447 414
1650 1864
1551 150
949 889
899 405
543 923
678 169
1696 927
1267 335
1516 1240
169 66
1338 1797
1149 1173
1626 852
1649 519
827 620
1048 777
1039 1902
1100 173
1721 1142
1780 1221
558 1069
1216 1381
224 1041
1730 1413
1417 1778
152 480
1498 74
331 1188
1822 1783
1632 1560
342 1566
1239 701
713 1457
13 1462
463 896
281 85
565 1159
1238 1257
922 850
703 1838
1684 740
1730 1530
749 1083
936 1054
667 1013
1798 1404
933 977
1461 322
421 1436
1365 1115
456 1728
180 620
1706 20
426 1454
966 1759
855 823
223 52
97 313
1740 1782
1799 758
1118 264
1833 327
1476 1359
278 135
121 1178
877 1168
11 700
1804 1417
1231 1197
1750 256
1591 291
606 414
1868 1359
1746 455
594 1333
641 1509
881 192
134 1738
167 154
1679 1759
459 217
476 22
462 452
529 367
1061 1287
459 1350
972 1875
130 129
1807 360
425 1736
492 467
43 1524
90 870
1791 268
822 1391
1182 576
912 1007
472 1498
655 383
896 1176
762 1204
1348 1785
26 575
1063 404
160 1905
1025 1445
430 530
1819 1116
1737 408
1884 495
1076 500
696 1192
570 1562
1118 538
795 719
1652 1168
402 1104
690 1696
17 857
1125 1299
1301 939
1593 405
1633 821
469 1390
1470 1297
962 1562
247 1699
1012 1476
306 303
825 1644
617 1274
986 1257
339 1724
521 1308
1533 67
1581 83
425 164
182 997
1734 417
36 1837
1160 209
1759 1882
1887 502
1227 1546
1656 1772
1863 1234
1788 1560
711 1322
1507 1747
1830 208
1057 403
1600 1340
1499 501
1868 1460
978 805
1 713
1869 466
509 630
1550 1267
1307 589
1868 39
1124 1512
1483 658
263 1429
1629 676
425 752
117 1285
607 1234
1773 1845
1618 1161
332 1899
1614 726
1768 621
1365 884
1811 914
31 277
364 579
928 867
1894 1797
780 574
1885 541
21 381
729 853
1727 1543
843 1761
1090 752
797 916
1122 458
1424 388
1369 843
195 634
1622 39
1878 1398
1393 1728
33 285
598 938
374 1458
696 263
650 138
139 316
1282 262
1774 557
178 1395
726 1384
1210 1714
1011 897
732 1138
185 451
1674 1547
512 569
1001 1840
1417 233
752 1070
358 1883
121 769
270 420
32 288
1018 1697
1813 1261
326 154
245 559
991 1424
702 39
1222 574
1359 1136
1322 515
933 1461
44 1883
1198 523
534 192
857 1102
1882 269
1081 60
1824 1874
314 941
425 1264
1116 1342
372 462
749 962
305 1448
1704 273
419 331
1684 581
1681 140
169 1378
386 1561
953 1590
407 1596
1088 1586
1206 896
1664 1197
1744 1499
1272 362
1025 1705
1522 567
1226 270
1674 122
42 553
295 1567
1682 446
372 617
1895 429
1061 1510
1024 237
1534 146
1889 1667
328 848
808 186
198 751
1521 866
1487 1902
191 1565
1898 1229
1072 1832
940 756
1482 931
1366 1150
507 772
1078 1494
818 391
264 785
1888 964
416 349
1382 1346
371 561
1 1126
1797 113
1732 223
1113 829
792 535
1832 910
69 499
1821 885
1795 752
388 725
426 595
746 1065
1037 522
1520 797
833 1631
1733 1495
1116 690
806 1046
1153 362
899 517
263 404
197 1223
661 499
1321 691
462 206
549 1659
820 595
1528 827
150 1890
1348 1321
849 15
570 900
858 1225
891 1638
884 510
961 1257
1294 58
1910 1680
223 670
1443 1651
1669 1520
177 644
1240 1189
1657 609
1322 1005
435 1718
734 1342
807 1542
1349 1131
115 565
1529 227
1094 1331
1260 891
1260 1893
278 1304
840 733
1858 1416
648 1646
1820 1128
1874 1010
874 1592
666 1148
634 1530
479 1072
300 1716
1094 1735
268 433
932 721
1382 616
1052 234
981 298
1121 249
1268 598
820 1504
1384 1284
1351 1407
143 1800
1300 1439
1184 793
1130 564
1343 1228
1278 264
9 194
523 206
918 649
590 1418
150 91
1754 1176
49 23
612 116
1097 131
927 1545
69 276
1256 1760
1168 1872
176 374
217 372
921 436
1538 704
752 1005
1107 1050
1804 1868
1871 1162
1805 932
857 530
1162 1252
281 236
376 1429
415 393
1770 1643
736 91
522 470
1104 1485
897 1636
404 938
658 930
671 1588
471 235
1034 560
46 1351
1113 1758
577 1410
1631 1046
1257 1833
19 1698
443 1620
992 988
971 294
1481 1180
1850 1296
774 899
871 1769
832 1716
307 1734
1439 1145
1212 1291
67 655
756 593
779 138
698 1794
1528 271
1860 208
1026 655
401 1546
1040 229
378 815
537 67
850 1087
1528 454
827 435
1084 387
801 1517
592 1480
1764 214
315 1108
1106 1832
377 344
979 658
1232 194
428 397
526 1832
1833 543
1840 164
1528 347
1512 818
436 1130
149 1437
1368 363
1561 36
123 668
860 207
1369 1031
518 957
1041 865
947 1262
1406 1681
1885 905
309 1218
1909 504
487 744
1467 249
1866 383
856 1554
1350 161
203 681
1043 591
490 968
1709 252
203 1636
1329 514
518 1288
938 655
1139 926
1677 1017
1548 1495
625 1141
1836 1475
1379 1684
584 1719
1209 1027
1621 1815
772 543
172 1277
1347 1069
1647 189
1231 498
48 1432
835 585
310 1320
1796 1428
571 485
1326 70
1753 310
945 525
1841 1240
1224 998
382 1197
1061 169
264 282
1671 1641
1756 1478
837 65
1896 712
1551 587
1850 611
430 1691
1873 460
261 1641
58 1774
1869 529
759 1855
887 1142
664 1299
777 1861
703 1651
1273 142
1769 1602
323 927
309 72
119 234
595 1709
1661 1745
883 1193
1086 1796
1632 1079
207 1022
1246 1574
156 394
801 274
10 40
1587 1012
783 571
1722 1326
698 1648
560 1221
1525 975
618 1580
989 1034
1077 1523
919 1700
1344 1833
1672 768
830 1792
1789 1025
554 607
1908 1691
644 570
515 201
640 1684
1018 334
1391 1820
836 1795
1748 1391
1118 47
23 484
548 364
225 205
1300 1050
787 1191
1074 465
452 719
1316 1607
289 401
1220 1284
1538 361
1885 844
1008 960
1014 966
1663 699
1573 285
1777 438
303 1598
17 967
1540 1460
1507 616
1518 299
424 1553
135 937
239 1230
68 1747
1156 764
495 1903
796 1497
647 1613
1242 1108
1457 1802
1882 1250
1043 1016
598 571
1187 592
387 1647
211 1684
925 1432
993 1244
870 1560
398 1329
611 748
293 344
230 267
1580 1554
1389 887
1742 1639
1745 1477
1110 273
1804 848
1458 1230
565 147
328 1263
1756 304
156 415
1131 911
345 1491
783 1271
1633 1074
375 1200
859 1826
487 212
1342 638
1849 543
106 529
817 1646
1 464
515 1303
1068 1535
783 1862
256 600
595 1099
377 1796
1214 21
349 38
422 1528
1645 1751
27 994
372 359
1835 589
1155 1776
103 173
1476 1831
231 888
490 897
1751 448
1310 1882
1895 1148
179 1408
297 1566
1031 543
1477 694
31 1784
490 349
1342 1784
1367 507
1577 131
324 770
1405 384
1762 773
797 271
1317 1477
445 1628
700 399
752 1103
651 266
151 1463
1005 751
220 758
915 1036
1470 1417
1221 784
854 949
1151 223
1046 567
1428 965
648 86
223 331
453 632
1204 1462
1343 75
1833 379
913 973
900 1337
1822 1166
1713 578
760 389
516 368
732 1514
1667 1072
521 685
1030 1684
890 996
602 584
1716 973
1857 237
1544 1400
350 1590
1849 8
75 1428
706 948
1492 214
536 1698
933 1566
81 869
646 656
1703 1797
934 1036
930 90
416 129
47 1377
185 1349
1232 1828
118 730
285 349
1531 1914
755 1647
891 1903
497 571
1034 896
358 1072
1833 873
128 488
1534 188
788 1776
769 654
40 102
672 1268
172 362
415 1402
963 253
1647 1887
433 675
690 1503
205 786
425 369
969 1644
1378 953
1765 267
418 1442
1221 1407
1226 104
1624 1897
423 481
1096 1749
1588 1122
714 1528
341 1214
340 1059
1655 1300
84 605
1119 1799
983 1520
1839 552
946 1236
984 1693
962 735
838 1405
824 1159
568 797
997 1020
639 1277
201 693
598 377
1785 1743
122 1147
922 1475
1890 505
223 1064
1885 446
221 280
1162 1787
47 1195
256 501
1817 1002
1890 364
1365 1484
1516 76
1465 221
957 1134
1766 220
117 1833
556 1233
107 318
513 739
92 99
45 863
1682 1210
234 1528
942 1505
1395 243
347 395
440 1435
603 545
1006 1235
603 236
800 1682
504 1444
1439 490
1362 1752
589 1892
1806 527
873 267
1902 250
832 1410
243 1426
1452 1516
129 531
1814 1509
487 1687
569 1478
227 1891
1318 1424
499 665
872 678
746 676
752 1557
750 1116
557 994
291 1915
635 179
402 410
507 723
246 907
183 916
576 797
1880 477
373 205
1382 1205
391 467
505 124
1305 1415
343 1204
1584 180
1159 1666
1305 1144
1075 1398
1078 1733
701 1290
1532 1778
1306 571
1715 1812
1068 1837
466 1300
913 1190
582 1113
690 1043
1271 98
1871 842
1678 1399
1659 1312
759 509
1051 32
532 1838
1314 1266
1232 35
1662 435
97 845
503 983
279 770
598 89
598 1242
913 1202
1546 915
1419 621
570 1531
863 1045
530 1731
870 1047
543 1617
112 562
25 1346
1361 814
93 1491
1807 1544
535 1463
208 720
1500 789
797 1076
1243 189
1864 1797
1764 887
691 645
273 1101
434 209
1126 988
1435 1156
101 411
1657 331
958 282
1636 1902
1255 1623
599 1302
344 555
1867 173
693 1248
582 365
752 1101
507 325
834 1701
1370 911
1895 1097
851 570
1511 682
1570 416
473 1865
1167 1451
1439 49
1553 1738
1693 22
962 964
274 96
1707 11
1809 610
1440 455
891 944
1610 1369
573 427
771 663
1633 514
169 1022
1643 653
1005 1123
1373 1043
877 630
1441 207
107 1281
1695 644
1315 1579
1516 242
987 1558
563 1502
964 642
887 1798
580 1143
63 290
1260 1536
488 209
1270 857
1457 1842
189 1241
1682 1450
816 648
202 1384
1877 1505
542 1822
857 852
689 1751
1254 1023
358 1692
837 1486
1777 938
56 18
831 1785
960 1293
891 1313
136 1652
730 1355
1740 1604
1685 1694
1421 34
1625 1185
788 584
1627 1879
1750 329
1853 273
1781 52
1876 1063
232 593
1352 308
1464 589
1496 1802
877 381
1008 1433
1191 1797
1351 319
903 619
1436 218
1594 486
266 1572
1620 1286
756 1865
812 137
465 971
1082 1162
611 369
1055 468
1538 857
262 1605
1341 1116
1755 1541
310 1551
433 1911
633 1702
1240 897
147 1720
1337 954
1038 1201
1534 1391
1251 964
86 1376
607 437
1439 202
1545 519
1671 268
1691 1817
932 1413
1576 321
697 876
551 1538
1693 951
1169 847
543 349
1006 1878
1054 887
200 255
1242 636
1023 282
582 598
1559 1124
1741 1055
737 93
112 596
520 1358
73 1797
137 1013
825 1455
655 838
1079 1542
1518 1915
397 1801
1531 226
14 955
282 125
817 1439
353 1733
585 784
1208 1426
444 1430
1435 849
794 1261
1479 1017
1407 1489
873 55
245 690
1725 669
1141 1567
1562 1644
1804 1823
1363 1276
79 823
540 1874
1514 1906
673 282
930 972
97 846
110 612
286 1412
628 514
828 172
1380 253
1060 1639
660 1676
814 244
1021 1017
597 1706
1188 1913
1482 899
1231 41
1069 1353
397 162
915 1009
1095 438
993 1105
608 1092
94 778
245 258
381 1751
1371 1554
122 286
1801 1225
69 306
321 471
847 1564
757 1587
1311 721
1833 1230
952 160
419 535
1051 718
1646 834
1255 150
895 677
1843 1443
1531 1120
396 1164
1017 902
715 287
1435 16
980 1342
550 1537
998 385
882 719
114 1720
406 1711
1510 1154
903 1146
1760 1429
1417 629
597 525
1111 1701
1778 1755
1186 1000
1245 282
311 123
1802 1711
1361 1118
1179 1130
482 905
1431 1292
1374 861
735 942
1508 540
1300 396
541 1131
1534 1005
1571 268
196 1229
1332 1777
1059 1469
1174 1834
1247 1664
1430 1483
897 563
1686 793
1127 589
1141 876
947 313
327 1354
568 1207
126 1046
983 1237
607 1417
550 997
643 388
413 544
1098 889
1767 361
1478 1242
832 679
1868 683
597 1874
536 449
1260 88
1479 101
582 287
174 271
1523 1471
809 314
1181 1696
420 1046
107 1382
1191 1423
360 1309
684 1886
859 652
388 1259
1292 324
1171 1798
1057 346
1643 285
913 1114
1140 1794
857 1409
1885 93
986 1279
311 1808
1749 1808
1519 252
1693 1524
1803 1572
152 1642
227 531
160 1032
1413 747
917 1562
1044 365
880 1733
1880 50
1602 333
680 496
1811 1859
794 1461
1116 1497
1446 415
268 877
672 1882
1727 349
1260 272
1268 713
1827 1864
644 1834
718 357
1419 400
173 1031
2 1327
1551 886
1171 1438
133 747
898 1867
1675 1253
1159 1501
1717 1142
1801 763
1341 688
943 1912
544 1779
1693 691
1116 938
716 1637
1796 1562
223 518
1240 238
1506 1239
721 1093
1466 1900
608 636
170 1201
154 1012
1467 1710
514 515
997 145
938 1322
1616 246
1077 95
1196 1497
773 237
1621 155
1860 1420
82 1406
1094 259
1544 1357
857 1467
1611 1318
1361 14
243 12
1751 724
1425 1268
1845 745
923 876
1172 612
1907 409
242 513
1383 1595
508 841
931 1004
327 1295
219 408
1907 380
10 1583
930 818
338 1751
910 1739
655 1045
547 1548
1118 839
1299 1609
1046 1242
1298 1449
1058 744
145 305
349 1713
262 818
210 1292
1328 353
657 816
381 1868
497 452
1233 1382
1077 1681
873 1716
758 377
6 1095
442 541
1745 1824
603 1890
64 1423
130 1816
1670 590
1620 1372
1132 1659
920 1800
1562 963
422 811
201 219
1091 1006
1829 847
754 737
376 112
370 938
1224 1326
53 76
908 442
1528 1357
1051 658
980 558
779 727
1080 1157
1051 1546
59 170
686 995
798 1313
1342 599
1257 256
515 209
1265 1721
1549 132
296 604
887 1724
1010 284
645 1118
1028 467
1211 175
243 774
743 1788
427 778
4 88
1641 1161
1188 1511
1899 1685
1326 570
519 247
1149 1874
1808 996
1461 1130
1868 495
506 680
649 1120
717 511
543 1143
1080 1648
1122 187
1127 709
1530 1634
819 922
1753 1683
1379 864
91 1314
1871 753
1775 239
312 1386
989 1527
536 851
370 1392
1647 1790
1156 1362
1603 791
352 601
1575 56
135 904
1035 1583
156 553
610 602
1397 1804
1213 425
1062 1414
14 1825
1129 245
1481 565
317 1889
1873 1858
1124 999
1324 608
1909 1301
564 666
978 1515
228 1730
1239 666
707 1070
1316 321
302 1037
272 200
199 396
1833 223
1105 794
1665 1203
1708 820
80 1476
656 1480
453 966
968 1019
1722 1729
1848 95
924 785
1269 650
160 1771
622 1032
1798 1715
1427 1479
46 781
1520 1880
1345 387
534 1725
184 47
1837 1713
1774 1605
678 432
677 1727
522 163
487 1003
1556 929
1267 1647
862 1682
308 39
150 1513
844 1581
413 1737
1658 1594
356 671
531 1177
986 1734
1135 1453
772 159
1120 732
857 1821
1865 604
909 1817
3 97
1663 1819
272 1555
109 1699
1066 1673
430 1468
968 1637
1896 1008
439 1450
100 1815
1771 765
655 645
1647 290
262 201
1731 943
1479 1878
866 1450
813 70
543 351
389 1011
1534 889
1353 1839
1728 1637
157 977
1902 906
460 973
708 369
1811 1582
541 1797
1414 598
1908 1846
824 1640
694 1385
331 573
1461 1015
1008 1890
476 810
412 477
420 132
330 1126
761 978
1419 197
627 1664
762 1517
495 745
1292 308
570 520
1569 705
1223 240
560 857
105 1817
156 1907
367 686
1562 1029
1339 569
1205 1870
973 1725
285 766
145 190
899 1658
1135 1042
1511 524
1456 109
666 1860
1133 975
705 669
587 1167
659 840
508 1043
426 788
484 215
673 1394
728 1727
144 1572
738 364
794 1700
873 901
1467 28
426 1630
26 1191
640 234
1422 1065
158 1258
191 893
291 78
1474 677
1109 1024
1480 1143
132 246
1346 1130
987 1884
1702 1732
62 1503
127 320
520 298
601 897
826 916
1335 18
292 901
1856 1245
1772 1049
1488 1058
1878 1684
402 1801
883 1638
