3
514 513
1 103
354 98
40 213
469 186
303 456
335 474
206 212
102 63
135 113
74 460
405 236
233 421
17 92
270 203
506 308
198 219
396 75
498 195
416 8
16 459
335 294
399 269
243 393
300 329
253 167
397 421
383 154
54 265
458 110
444 450
268 110
463 419
414 11
439 31
153 446
31 115
191 491
392 280
153 325
455 209
242 424
351 79
242 28
377 298
148 396
38 147
437 475
287 514
372 97
362 202
163 220
221 96
168 468
400 22
502 202
182 155
67 3
122 185
151 338
204 137
90 35
267 358
217 477
27 158
182 126
449 48
236 201
454 195
267 281
20 261
66 403
324 505
343 495
484 82
482 259
112 487
340 36
37 268
25 314
435 9
226 36
193 398
491 19
235 353
431 427
426 81
445 321
251 337
257 93
280 504
318 108
418 23
282 312
413 378
105 348
166 64
151 395
438 329
341 434
56 229
205 478
140 135
214 284
18 470
290 167
344 253
225 218
474 42
189 382
315 33
350 206
331 218
339 5
197 410
494 411
97 408
462 107
84 92
241 101
333 171
326 169
374 469
105 378
370 413
310 468
44 41
361 116
149 100
84 443
106 2
233 448
444 404
108 148
13 389
272 142
53 457
225 197
497 356
316 359
430 480
22 159
368 231
222 188
434 513
309 448
338 118
464 37
237 258
7 222
183 380
466 328
51 330
347 276
451 512
503 273
320 400
211 333
20 85
392 12
477 388
166 496
32 319
276 58
117 24
33 341
332 384
383 180
503 330
350 139
494 349
76 302
63 143
452 483
62 78
343 120
415 305
422 297
250 133
381 138
398 485
171 124
479 360
465 156
245 219
256 54
461 302
490 461
68 215
156 199
514 255
2 109
178 306
179 88
462 430
429 231
314 447
508 72
471 402
234 389
249 25
369 382
496 366
250 244
208 490
274 395
425 16
104 465
232 43
129 278
489 194
291 190
432 101
34 39
510 60
55 436
127 58
3 292
362 304
473 386
235 130
407 240
75 44
320 301
114 487
283 111
200 155
46 65
478 415
323 404
71 99
283 246
476 228
357 457
90 248
220 307
427 177
488 323
313 117
336 87
299 270
483 210
119 210
89 262
293 247
259 285
459 162
301 106
349 50
252 159
453 345
375 322
368 504
388 367
264 53
240 83
81 193
419 39
282 50
360 154
100 93
307 80
266 228
263 411
73 152
275 336
107 102
208 34
412 66
125 263
492 296
57 261
463 428
201 115
184 372
401 40
132 141
146 324
254 355
278 332
363 42
213 95
319 357
241 274
72 264
170 315
441 229
51 187
69 164
80 311
401 245
10 356
45 173
119 374
139 455
144 387
227 312
506 207
305 289
435 293
417 334
475 121
192 180
227 129
12 472
142 55
29 209
473 19
24 239
385 502
251 32
15 326
254 291
340 273
406 472
407 513
370 91
279 317
68 500
173 9
492 216
70 177
56 375
348 371
290 303
230 347
192 123
62 23
406 449
174 124
169 499
161 438
508 189
258 174
223 354
265 143
497 73
205 170
391 256
417 260
13 113
27 408
188 331
45 6
393 65
288 464
70 379
313 306
489 367
184 327
61 509
327 47
99 342
436 21
172 373
41 346
470 451
168 150
59 140
121 433
507 410
246 196
176 95
11 511
6 277
147 351
52 131
509 134
212 91
198 237
397 458
363 385
196 355
14 342
67 423
284 103
262 144
346 345
482 158
4 176
460 501
499 86
89 181
94 207
381 440
316 5
29 476
96 46
507 86
418 420
47 445
426 481
442 409
394 35
127 234
194 15
217 38
510 131
414 136
118 322
511 21
145 161
165 450
94 85
390 380
428 442
437 405
337 183
481 279
238 200
232 266
123 145
295 163
308 454
134 160
69 272
137 433
57 28
365 371
49 257
467 484
61 78
130 244
98 390
128 479
493 505
364 439
186 150
152 339
216 26
215 447
104 365
299 420
77 289
76 14
4 297
111 294
243 488
260 164
224 466
141 179
325 387
211 376
485 275
17 60
187 8
321 452
71 181
126 500
467 122
223 52
82 311
480 87
352 501
43 446
440 157
403 221
328 358
317 441
412 138
247 352
364 203
114 287
128 120
304 309
252 271
486 399
376 443
133 79
429 199
49 190
512 88
422 149
175 178
286 30
300 112
377 384
298 271
239 432
185 248
286 214
425 226
295 453
269 431
146 255
424 296
204 77
285 394
416 249
162 83
136 277
344 7
366 132
125 391
471 409
361 493
172 59
288 157
281 386
456 238
292 48
402 10
26 165
486 495
498 359
310 353
230 18
64 379
373 1
191 318
423 334
224 175
160 369
116 109
513 512
216 247
290 412
142 353
126 456
459 513
85 493
267 195
375 222
122 218
496 382
243 282
225 121
25 215
80 192
226 361
58 66
151 467
329 213
231 383
146 256
326 413
232 33
427 380
87 386
387 22
21 476
328 236
301 180
273 41
506 101
307 244
375 253
193 442
354 41
445 79
284 147
176 389
56 479
11 309
102 301
316 296
142 190
297 314
404 450
90 89
261 98
297 181
477 188
2 338
284 226
458 461
365 408
222 92
225 318
308 31
246 139
373 237
351 321
55 263
171 388
464 12
249 201
94 491
69 48
194 490
77 4
349 178
471 315
270 486
350 443
246 230
361 376
24 31
125 71
214 168
268 436
403 453
138 141
133 310
398 248
227 16
173 333
20 401
92 18
370 154
238 104
171 111
415 282
36 57
473 382
29 30
130 241
399 3
185 77
170 207
189 239
481 179
359 419
321 15
347 367
79 424
424 57
151 416
401 291
260 48
53 60
218 257
103 423
107 162
283 355
42 126
303 159
391 485
342 131
212 17
408 186
81 437
161 162
118 191
235 140
331 148
343 214
336 177
51 335
111 172
84 9
406 269
252 13
400 285
64 258
512 456
425 434
433 259
130 183
153 446
464 101
119 3
170 304
445 62
392 323
509 507
241 39
394 300
295 45
332 319
305 133
500 120
495 403
72 487
81 383
444 183
492 485
211 369
93 100
360 56
143 439
189 78
164 247
174 286
262 458
512 438
292 431
482 22
497 65
83 137
221 348
488 96
429 110
78 116
19 152
259 32
290 166
240 331
334 299
239 494
117 487
144 212
14 198
451 103
59 138
313 54
125 50
371 393
430 182
368 63
232 169
127 245
508 94
311 428
470 306
446 112
366 187
472 463
250 455
378 72
61 172
213 422
206 359
509 228
23 165
454 124
199 289
136 129
210 219
350 68
328 327
271 384
463 467
149 278
506 119
337 55
36 470
149 387
237 27
440 88
25 13
167 368
180 280
436 106
488 108
344 459
497 248
349 493
51 267
448 242
139 423
154 360
324 317
167 418
204 224
19 262
113 307
219 411
99 144
298 473
89 217
163 191
233 50
503 402
188 91
102 385
469 454
223 179
105 197
32 500
132 468
16 402
76 415
10 265
207 478
20 105
182 379
264 291
287 234
288 37
498 269
110 196
84 404
489 227
229 82
40 234
279 399
52 250
95 228
478 71
73 224
452 504
80 121
484 211
274 201
449 288
74 420
462 158
97 109
294 91
364 249
104 339
447 229
97 43
42 391
115 34
70 465
358 279
400 502
150 60
431 196
271 65
135 175
5 38
417 414
480 35
347 5
223 369
238 283
419 33
484 370
457 389
280 164
476 116
165 407
161 275
2 236
205 292
117 160
462 83
28 44
46 495
299 217
440 365
496 410
253 281
398 59
393 4
356 62
26 39
263 322
26 185
23 176
413 469
372 379
75 221
202 494
156 137
108 412
277 123
49 475
466 374
390 12
513 199
268 272
134 338
373 252
192 293
261 449
168 6
209 317
441 76
220 499
381 406
483 428
339 505
376 371
305 325
122 58
447 73
461 432
88 346
243 363
231 190
455 281
351 155
504 147
336 381
340 61
251 322
45 184
210 395
380 242
511 314
21 483
163 209
152 385
444 468
341 377
157 74
128 95
410 98
498 115
460 120
452 8
109 479
18 422
173 215
397 86
325 265
502 448
70 34
342 100
118 372
392 258
362 202
193 187
256 355
421 326
396 7
131 486
308 302
302 417
451 482
340 289
407 374
155 47
114 184
54 1
194 11
309 278
390 435
67 450
460 335
318 148
132 441
320 208
169 432
312 491
90 348
38 266
330 204
346 477
203 426
276 303
352 35
64 420
1 501
235 166
52 316
357 10
216 337
298 273
85 396
37 353
29 430
200 96
411 244
442 319
435 28
443 356
466 136
480 457
475 295
75 68
418 378
438 329
135 112
306 156
330 9
82 510
127 508
260 505
17 114
324 414
503 93
294 158
453 14
49 344
343 205
425 363
492 6
276 416
334 366
333 220
181 354
128 113
510 123
266 270
362 433
195 511
140 157
99 409
186 421
177 395
287 296
274 332
384 200
377 397
345 69
255 175
46 474
40 367
43 315
240 178
153 472
15 474
501 272
313 53
499 255
24 67
150 439
405 471
30 320
427 388
426 7
160 27
63 107
251 312
124 434
174 47
405 327
481 345
145 465
310 264
304 293
358 8
134 257
254 233
352 206
341 489
87 311
44 159
286 146
208 106
323 409
357 285
66 86
141 300
197 429
277 394
203 490
437 198
386 507
145 245
364 129
254 275
512 511
306 447
500 439
123 163
46 381
474 117
128 455
92 143
439 404
136 58
278 62
293 492
41 371
56 369
248 404
345 197
146 337
231 43
478 304
479 402
305 348
484 200
33 508
482 426
308 356
145 109
433 1
483 352
221 61
326 299
5 103
268 152
223 331
243 192
285 495
490 189
406 201
111 228
358 377
352 492
37 18
455 310
94 477
194 87
115 81
487 80
459 341
82 413
121 78
264 182
184 222
281 474
365 334
150 161
430 156
164 330
129 271
471 127
506 271
169 428
13 313
432 185
31 27
5 9
317 336
176 451
426 362
415 119
1 129
332 140
303 88
153 509
241 4
233 49
263 152
465 142
204 300
253 186
183 247
498 417
95 366
413 194
460 218
66 10
32 100
309 461
290 157
262 360
203 106
452 115
390 38
273 373
174 251
331 11
392 505
383 137
72 79
45 321
323 139
470 370
175 109
36 70
389 315
87 464
443 512
428 405
120 149
83 44
222 422
503 366
385 261
430 412
437 499
155 421
445 269
324 250
377 327
386 16
4 252
453 494
30 433
246 131
423 268
209 227
436 374
349 298
179 18
429 130
17 225
127 8
469 462
351 187
461 456
320 359
275 294
90 503
502 496
357 55
312 161
396 339
475 298
435 414
168 506
384 260
365 397
167 111
82 290
342 301
21 179
350 54
236 49
158 168
104 213
316 322
141 40
230 232
375 466
205 322
234 39
249 395
354 242
2 199
376 382
448 319
84 476
342 297
274 220
51 434
353 148
17 388
143 347
8 173
471 72
20 165
372 2
497 338
228 295
217 147
403 255
107 67
406 348
100 501
427 276
489 334
416 97
364 164
398 183
159 98
75 446
494 170
369 393
410 133
149 340
39 264
178 237
86 27
446 52
40 291
138 270
44 144
68 447
429 249
156 41
253 488
207 497
38 409
346 238
146 116
346 35
114 458
289 501
211 480
47 405
22 261
436 12
135 284
345 93
131 441
307 332
6 234
197 339
328 280
23 361
333 90
437 364
224 63
358 14
452 285
258 34
70 274
340 314
128 231
449 58
246 185
277 329
343 145
108 411
425 186
31 65
349 73
390 267
77 333
134 344
324 243
269 29
130 69
92 305
381 19
441 512
235 22
402 94
76 489
493 310
454 67
25 102
295 400
71 50
384 50
96 398
116 400
19 282
504 484
292 325
353 216
245 410
487 46
275 136
495 301
509 215
412 363
273 25
312 355
250 347
396 98
154 121
320 481
180 317
219 374
459 133
225 420
239 171
23 496
259 432
408 201
394 314
57 445
48 440
350 289
258 288
216 454
397 204
251 43
97 255
499 469
68 336
463 325
326 321
248 202
244 147
355 505
407 89
209 89
278 431
214 401
354 102
171 279
403 450
490 407
59 296
217 493
472 190
193 476
468 472
59 75
395 370
202 502
470 218
99 438
91 20
154 122
449 240
335 444
24 468
93 3
104 207
287 54
196 283
85 257
150 418
283 280
411 391
424 160
181 124
338 37
60 265
462 233
299 123
73 208
14 176
153 450
451 378
173 481
417 165
263 486
254 293
155 223
210 329
371 21
166 438
7 101
419 69
9 240
56 120
448 118
279 504
440 24
511 124
117 480
119 277
101 287
260 335
126 475
453 343
182 28
387 399
388 172
272 360
80 213
189 387
220 456
389 368
511 230
187 491
175 148
35 214
288 393
132 221
157 184
423 226
81 510
380 88
507 392
105 316
303 198
11 416
379 53
190 203
507 172
418 226
351 409
382 12
34 114
106 414
363 286
125 163
427 85
239 318
53 372
159 330
485 45
457 311
276 368
237 306
191 42
110 48
235 178
125 170
113 478
266 362
26 206
212 500
431 367
465 508
244 313
442 479
435 457
107 294
224 328
206 378
425 379
491 30
139 307
408 122
110 247
208 91
144 61
13 281
227 380
126 71
319 254
420 177
193 373
15 464
383 55
376 327
341 296
302 257
212 229
166 256
236 466
181 188
419 357
79 232
151 158
467 105
422 242
3 142
33 282
137 66
29 238
311 241
77 195
74 174
198 385
375 138
78 160
463 284
488 64
252 415
60 16
444 219
132 205
344 108
315 256
367 356
359 191
272 95
267 134
482 473
192 195
477 36
15 83
361 47
467 32
337 162
140 399
458 300
141 323
151 215
309 270
84 266
63 473
421 199
486 210
64 485
103 498
7 113
391 169
262 443
211 424
265 460
180 42
96 6
112 386
57 28
245 26
229 434
188 200
76 118
308 291
10 304
302 51
510 483
112 86
442 259
177 292
297 162
65 135
401 167
52 394
286 62
196 74
