100 100 1000000000 1000000000 619721643 129753413 463451380
58625815 259930787 653941200
148381267 927523823 770306981
31625957 575439405 249360824
577433083 149297332 879309451
475993080 912537150 954600016
264545314 253933418 350100716
102234272 899999961 907291251
588883093 432824269 840223721
257936313 541373661 725991522
279831395 592591540 617570129
610715863 196579059 634927878
612158380 197259757 84773369
346146704 647520827 521719078
219457779 187768910 621502226
309546566 392128911 470381840
107711537 377866478 720197479
8407706 589061623 260019986
512652788 556948002 151740060
375526789 945798811 459844228
457443915 651542934 735759162
279401790 222657061 935704999
297075998 39518873 415632886
401872450 507645037 155617507
566643240 183908561 186575375
223650488 113208254 142902937
578658706 523345212 754955848
615905016 746904688 968011545
198301840 970671235 664647710
38196020 574979321 762505996
607739619 443447556 186437027
182668791 58594065 315623865
437902137 912151270 984143384
43078886 315224186 347209871
551229784 714033221 162435916
482385158 147158198 515075770
287377779 90129762 533213140
588578953 347939293 729672385
392052162 713859922 340604292
61977140 193438525 196079417
311905572 347438252 508798060
464226972 439809382 974772449
318686558 530253274 669428556
150285317 423610655 718622322
285790917 882621405 383894712
359077248 129815266 91333573
93857129 528002289 186488188
81109664 456664661 541723756
304391515 831890997 433233661
279903488 377795936 555832149
363614266 659192598 248765660
389081674 571869578 704301397
33099294 877972884 388876942
403990192 430568700 777337491
468590257 124047367 625908454
363019028 154942610 517504669
446783269 693824036 652068417
67943749 882220681 953093367
427273182 814768830 772924950
604617327 485518992 375017451
85771387 893904956 767357295
416530738 181990190 157039060
234034636 864587680 3393098
311477408 445465393 762060202
204954944 745494878 183310484
13169462 668162465 702676385
419157913 226561576 886368546
441766845 234533357 188432974
68580852 806536365 994608291
307139138 358024160 674303011
484876683 943814616 334337206
337958070 213043502 203428786
473526153 21368673 919932243
235801248 613969902 889677098
153013971 766379519 857667846
369183113 152314155 729412861
230955379 979409937 469283512
38221078 311455561 862549538
201326537 218351171 474856533
459345348 224648026 530647682
478507019 30688508 871497952
596746534 250935643 642625023
610648447 43987150 902328636
572235957 279050982 886770062
398297530 657132604 241123935
328852777 400660193 124850883
415995311 823418334 648500385
300903690 946182410 274718499
97546240 934196820 760554263
67019574 508866906 464432076
451652841 391054077 597162448
481758491 411511300 96090720
341001111 560565446 883900184
532484496 261628447 94866239
500710853 877614813 423791313
416685609 690496756 292757534
344000290 407498186 85386206
363517555 972935549 417454443
247210016 417479057 386485330
353605611 279631470 767541221
91647046 902297952 104029250
883810454 133551429
621078145 332507049
158368336 359624078
876813943 617230790
760365221 915542849
9760426 496985278
280486108 132376347
45324842 590961878
255984522 439190682
733504150 836081788
727698092 977407044
606886840 290540843
225179650 658045516
617652519 893379576
887487153 372941126
983313917 519089065
845305251 65527322
168602509 941120985
985478211 30930472
617361526 169872343
368507094 740061167
220759177 579255877
91274333 779302030
972923038 945329281
380760568 883521988
719242274 776049639
340495220 96586029
494063494 542809763
941053071 935364583
376261012 559732738
581888859 927065299
903722785 576631196
176736708 870543603
424557443 96835015
412422782 708465231
880156198 689880538
771709296 712357142
577698147 780905613
762499591 484078040
998669322 555662873
775988613 442538436
665724677 217916110
175117159 735891109
543279518 421816739
644457585 239915669
278151885 94975383
748887529 718736081
723466665 363319630
775664474 546771010
967501332 274529251
554927794 449964790
705404810 307503274
193565919 307442178
700407509 672765995
238766127 70198248
54244782 98822280
877854165 341543061
326956211 887186176
195936363 728760922
155384605 234610626
642687830 646880954
543053781 609342220
497022760 52059308
452653540 16986046
656797048 701775007
413815667 676442889
901708918 404632592
25022841 503731508
84924622 791407564
552084389 55057223
283896925 394731363
919211731 469273380
296205199 771878887
611870100 363710062
276869657 632984554
360844540 607195982
233144780 61022074
20954882 285446263
627686993 99700883
176257109 836661824
525834901 316302504
122807006 641263973
111035319 313880112
91082528 779931670
55429946 114127289
273191051 355766733
578910014 550404238
423256319 505030182
273982619 148548098
874359096 750155999
42839780 703827341
572416494 100456268
368630780 701374929
573797798 212984689
593846530 464540557
796203398 802368430
117947500 486967923
848952059 210118030
935824596 235125778
611110292 833502305
