9997 1000000000000000000
26635369225659265 938387376747243425
31043020619939486 519737530302755196
54724374401108893 288348118055731243
96021291581129438 133617709553923134
34974248067644852 145954761188381696
38482342077813939 80422313284834389
28886834651994285 69504037679208915
20328247969959473 50430089512538615
1158227614866253 39824912332151165
20937663485628903 24848532735986751
13163926818867154 30980434012977448
4311362516206258 19690227253946186
6339164856955899 13308053828391503
3339635664489711 6903087393693961
5954729121634201 7824164669301059
752183091919834 5947969390733646
57291512242729 3848512202667009
75959390777303 3023247327199045
996116477962502 1450238369208380
1026714372389471 1198224119334589
17506621409971 1952739760783255
79554034547657 990950820393353
158137662994593 331313480525049
43713383058273 412782126772041
54480349378484 235021316884414
17591179678502 60159896154546
3516834088727 171391338175251
7324599043939 87570541001887
39325041094158 44273694175632
10447580507438 38051736904830
2738092348370 10725334776644
1499970190363 26925709931561
799698204646 11196119244188
4549381179547 9890244372935
2065364636326 4546730594932
470450697835 3238565170695
4509551372837 5406952485523
2466680679220 5137519122982
63287657944 3941584225264
1790798770832 2113527347872
1868334783771 2122824220831
197920669367 1201407424525
454195835998 564289544732
95962433598 1447099643550
24327434843 733745992431
321035807322 375067175772
89858924365 328304547199
80888029864 254687981172
69352363965 81048242281
104144809739 164914222833
37327132930 173911681292
26217720808 29990160618
29846420942 60656135510
745414920 67154801118
53724619548 60137991476
10279205113 17317567241
33750869165 58902870247
6230190377 41423394917
300884896 28835550154
299996113 13243810675
198224996 4072786854
200185337 4315811873
2117911015 3824837127
259400197 3265688905
47601665 1615364139
938676853 1196700433
221937056 419170700
773630970 1009629394
47580392 819946324
94187022 208546096
324460343 349447397
30830688 252529762
101983994 127351846
10681227 263252095
14560319 119114317
40837451 135491555
10083027 49151661
55801338 129677292
1161051 39484003
6383673 30829309
392617 1900667
47151103 63450023
12152704 66565882
1625465 28455897
8892057 24024115
203463 19332443
1604999 9604513
438557 4614445
805887 2217805
398672 2035384
914429 1879557
1079528 1395898
407674 1588538
47659 1036427
556143 559435
48437 516151
196926 371152
62324 345760
43174 204828
44602 121618
1003 80537
11017 51809
4367 4959
1696 43906
9835 23091
3846 5024
3805 21973
3262 6828
6183 8403
4417 4519
9 117
2228 2292
276 278
9384 9384
4738 4738
8844 8844
6652 6652
1581 1581
1665 1665
4894 4894
3205 3205
9570 9570
359 359
3127 3127
4492 4492
195 195
7668 7668
3697 3697
6675 6675
467 467
1878 1878
3537 3537
7449 7449
9561 9561
4059 4059
3426 3426
600 600
8191 8191
9052 9052
84 84
7345 7345
445 445
9046 9046
713 713
1823 1823
5333 5333
9730 9730
15 15
4794 4794
8896 8896
5248 5248
357 357
5178 5178
3159 3159
7692 7692
1366 1366
25 25
2786 2786
3844 3844
13 13
3451 3451
8767 8767
5028 5028
7981 7981
2774 2774
2714 2714
6277 6277
5224 5224
4570 4570
6586 6586
7622 7622
2785 2785
7554 7554
5698 5698
7247 7247
393 393
1426 1426
9096 9096
9131 9131
3782 3782
7469 7469
8768 8768
6706 6706
237 237
2616 2616
7032 7032
6200 6200
879 879
4130 4130
9725 9725
2853 2853
7289 7289
9610 9610
8748 8748
3503 3503
9488 9488
3678 3678
489 489
2616 2616
7504 7504
4805 4805
4394 4394
836 836
8839 8839
4931 4931
8180 8180
9070 9070
6973 6973
2082 2082
4731 4731
8741 8741
249 249
6639 6639
1349 1349
3866 3866
6347 6347
1037 1037
4023 4023
2306 2306
5940 5940
1471 1471
9526 9526
8249 8249
8867 8867
4734 4734
1078 1078
5704 5704
1042 1042
56 56
1653 1653
607 607
5498 5498
1042 1042
9223 9223
777 777
5710 5710
9386 9386
5971 5971
7748 7748
1588 1588
3059 3059
5180 5180
599 599
6386 6386
6865 6865
5032 5032
555 555
3235 3235
8586 8586
3231 3231
629 629
4900 4900
5248 5248
6475 6475
9120 9120
8046 8046
2169 2169
5053 5053
2458 2458
9737 9737
1455 1455
6638 6638
9721 9721
682 682
7266 7266
1174 1174
499 499
3852 3852
607 607
863 863
5031 5031
5368 5368
319 319
3333 3333
2352 2352
3773 3773
2744 2744
3247 3247
2373 2373
8858 8858
954 954
6644 6644
967 967
5770 5770
2795 2795
9214 9214
4787 4787
5944 5944
2960 2960
8841 8841
2946 2946
935 935
5967 5967
6755 6755
5091 5091
3498 3498
4502 4502
1825 1825
3273 3273
414 414
3142 3142
6424 6424
7003 7003
6606 6606
2228 2228
4780 4780
8662 8662
5897 5897
933 933
9115 9115
937 937
1680 1680
3774 3774
6382 6382
244 244
1498 1498
9190 9190
7645 7645
6293 6293
178 178
1147 1147
7870 7870
3206 3206
1339 1339
6418 6418
302 302
372 372
2848 2848
2956 2956
5501 5501
8730 8730
4316 4316
3430 3430
1534 1534
4567 4567
4568 4568
9526 9526
5576 5576
611 611
1215 1215
3248 3248
5268 5268
1842 1842
9031 9031
3527 3527
3996 3996
4366 4366
7153 7153
8063 8063
6665 6665
9017 9017
4316 4316
7794 7794
9292 9292
907 907
17 17
7113 7113
3782 3782
5624 5624
6170 6170
6703 6703
1847 1847
4559 4559
8189 8189
6370 6370
2321 2321
1077 1077
6921 6921
2213 2213
68 68
2232 2232
7001 7001
8359 8359
2634 2634
4325 4325
7067 7067
7200 7200
1308 1308
1757 1757
6956 6956
6480 6480
6051 6051
5324 5324
3621 3621
7232 7232
6307 6307
4879 4879
8766 8766
7129 7129
1338 1338
566 566
9518 9518
7073 7073
3645 3645
3515 3515
2501 2501
8907 8907
1233 1233
1721 1721
3513 3513
4628 4628
7934 7934
6326 6326
3328 3328
2676 2676
2318 2318
1274 1274
7576 7576
6988 6988
6957 6957
2820 2820
361 361
2033 2033
8777 8777
4390 4390
4531 4531
4386 4386
4239 4239
3383 3383
7404 7404
9505 9505
2932 2932
4063 4063
140 140
8680 8680
4828 4828
3716 3716
8686 8686
6524 6524
8637 8637
301 301
3995 3995
8598 8598
3320 3320
1876 1876
8835 8835
7255 7255
7566 7566
4113 4113
6120 6120
5616 5616
1435 1435
8829 8829
3948 3948
4859 4859
461 461
8668 8668
6673 6673
9011 9011
5060 5060
7121 7121
6627 6627
9041 9041
4819 4819
2558 2558
8134 8134
2316 2316
4377 4377
4344 4344
3522 3522
2185 2185
8151 8151
2673 2673
8465 8465
5711 5711
4680 4680
2494 2494
8646 8646
6532 6532
9051 9051
5040 5040
8985 8985
4468 4468
1550 1550
4993 4993
9095 9095
5663 5663
8045 8045
6099 6099
8967 8967
7370 7370
3178 3178
5700 5700
2785 2785
7066 7066
7806 7806
8878 8878
4190 4190
444 444
6954 6954
9129 9129
7975 7975
7055 7055
2718 2718
37 37
658 658
8346 8346
5920 5920
3589 3589
6297 6297
5800 5800
9077 9077
5868 5868
1693 1693
7032 7032
578 578
5561 5561
7931 7931
4990 4990
9083 9083
4679 4679
7866 7866
1270 1270
5486 5486
169 169
3218 3218
726 726
8423 8423
9056 9056
6426 6426
2276 2276
2864 2864
1831 1831
505 505
1441 1441
1810 1810
5305 5305
2580 2580
7838 7838
6094 6094
4725 4725
430 430
5240 5240
5060 5060
777 777
1342 1342
7554 7554
5362 5362
2900 2900
625 625
5175 5175
5189 5189
6270 6270
118 118
502 502
6094 6094
5209 5209
8006 8006
1631 1631
7581 7581
1722 1722
5532 5532
5041 5041
8360 8360
5029 5029
3869 3869
3673 3673
5171 5171
7877 7877
1568 1568
8707 8707
7529 7529
3160 3160
6632 6632
5246 5246
121 121
8723 8723
7568 7568
7284 7284
616 616
1659 1659
4189 4189
4591 4591
861 861
6179 6179
6780 6780
8839 8839
7399 7399
4365 4365
8316 8316
6417 6417
4440 4440
4953 4953
876 876
8182 8182
7464 7464
6406 6406
8139 8139
4998 4998
449 449
8283 8283
3334 3334
4003 4003
3848 3848
1012 1012
268 268
5981 5981
818 818
2182 2182
8559 8559
1968 1968
6491 6491
7773 7773
4612 4612
2594 2594
7185 7185
7141 7141
8896 8896
8084 8084
8173 8173
448 448
6122 6122
3077 3077
8191 8191
4709 4709
866 866
499 499
7517 7517
763 763
8944 8944
34 34
3612 3612
7041 7041
6457 6457
9271 9271
5189 5189
6101 6101
1694 1694
3670 3670
4672 4672
3199 3199
7437 7437
8760 8760
6611 6611
8457 8457
775 775
2207 2207
9091 9091
5586 5586
4697 4697
6742 6742
1956 1956
603 603
8295 8295
2248 2248
8060 8060
221 221
873 873
2121 2121
9196 9196
6106 6106
8274 8274
238 238
6436 6436
2419 2419
4727 4727
573 573
6198 6198
6831 6831
5972 5972
1982 1982
1907 1907
8149 8149
1872 1872
4911 4911
5816 5816
6034 6034
1686 1686
4537 4537
1921 1921
4087 4087
309 309
4225 4225
5816 5816
1123 1123
7013 7013
5923 5923
4222 4222
8406 8406
5056 5056
5063 5063
807 807
179 179
5323 5323
296 296
4377 4377
4767 4767
5349 5349
7553 7553
7933 7933
6382 6382
1154 1154
7638 7638
963 963
1617 1617
8430 8430
6233 6233
5822 5822
3621 3621
5888 5888
1756 1756
9260 9260
7456 7456
6683 6683
7073 7073
4321 4321
2947 2947
1654 1654
2418 2418
6044 6044
208 208
6247 6247
3229 3229
1811 1811
8400 8400
8487 8487
8446 8446
8379 8379
3883 3883
4697 4697
6303 6303
3148 3148
7703 7703
2791 2791
7142 7142
6577 6577
1344 1344
6045 6045
430 430
1584 1584
4265 4265
1286 1286
8422 8422
725 725
8260 8260
4005 4005
7675 7675
4407 4407
7472 7472
6940 6940
1740 1740
392 392
650 650
1464 1464
9147 9147
3885 3885
5531 5531
660 660
5832 5832
9098 9098
3151 3151
4014 4014
310 310
6881 6881
5616 5616
7514 7514
2696 2696
9059 9059
3924 3924
4951 4951
7029 7029
2060 2060
9125 9125
3286 3286
3415 3415
5722 5722
8027 8027
1520 1520
4740 4740
882 882
3985 3985
6835 6835
8385 8385
1777 1777
444 444
2719 2719
4292 4292
8927 8927
831 831
4423 4423
5888 5888
7686 7686
3262 3262
4498 4498
6036 6036
6323 6323
104 104
2817 2817
4984 4984
7114 7114
4544 4544
6862 6862
6104 6104
2713 2713
3334 3334
3808 3808
1561 1561
2781 2781
1033 1033
696 696
1675 1675
6902 6902
3171 3171
199 199
6846 6846
7014 7014
445 445
58 58
1019 1019
3302 3302
532 532
6556 6556
3899 3899
2543 2543
7871 7871
5852 5852
6031 6031
3653 3653
5335 5335
5223 5223
1478 1478
3750 3750
4302 4302
2422 2422
1842 1842
4695 4695
7376 7376
8712 8712
4507 4507
2892 2892
4741 4741
7086 7086
7242 7242
5847 5847
7909 7909
2064 2064
5337 5337
8121 8121
7607 7607
4411 4411
3996 3996
3111 3111
7410 7410
3018 3018
1102 1102
3397 3397
5186 5186
8682 8682
1082 1082
853 853
4869 4869
167 167
5848 5848
7327 7327
2082 2082
2271 2271
5819 5819
3950 3950
5218 5218
8779 8779
2465 2465
8361 8361
4599 4599
1820 1820
1522 1522
3917 3917
3147 3147
8443 8443
2636 2636
3601 3601
1117 1117
9028 9028
3576 3576
8056 8056
6032 6032
2335 2335
8108 8108
8552 8552
8038 8038
7709 7709
2982 2982
3533 3533
2138 2138
2007 2007
4306 4306
2694 2694
3681 3681
4591 4591
5749 5749
9017 9017
1895 1895
8282 8282
7691 7691
2994 2994
1269 1269
2147 2147
3433 3433
4748 4748
6991 6991
2496 2496
7895 7895
397 397
1261 1261
3967 3967
4412 4412
358 358
5998 5998
437 437
4814 4814
4408 4408
4691 4691
2921 2921
639 639
4635 4635
3598 3598
1325 1325
4823 4823
4233 4233
4690 4690
4812 4812
5063 5063
4270 4270
8225 8225
7315 7315
6793 6793
6521 6521
2563 2563
8431 8431
7876 7876
4897 4897
874 874
1220 1220
247 247
2095 2095
5580 5580
8162 8162
5213 5213
7094 7094
5294 5294
5580 5580
8772 8772
5653 5653
7982 7982
1612 1612
8428 8428
5777 5777
5348 5348
7297 7297
4160 4160
6321 6321
6280 6280
3338 3338
8313 8313
1148 1148
8377 8377
2159 2159
8852 8852
8396 8396
954 954
1035 1035
4772 4772
4206 4206
161 161
3713 3713
7058 7058
6910 6910
7863 7863
5243 5243
5910 5910
2358 2358
6012 6012
1604 1604
5647 5647
223 223
6970 6970
4651 4651
2142 2142
7209 7209
8124 8124
7318 7318
8014 8014
8038 8038
5521 5521
6409 6409
8641 8641
4607 4607
7150 7150
4343 4343
6604 6604
8220 8220
2021 2021
7825 7825
57 57
6808 6808
3444 3444
8863 8863
5710 5710
66 66
8879 8879
7834 7834
5600 5600
5175 5175
6929 6929
319 319
4100 4100
4278 4278
6101 6101
5004 5004
1218 1218
4902 4902
7520 7520
8799 8799
6403 6403
7152 7152
6785 6785
7035 7035
7194 7194
875 875
1109 1109
6869 6869
2122 2122
8266 8266
2242 2242
6370 6370
6994 6994
5263 5263
4864 4864
190 190
6388 6388
3762 3762
1049 1049
6925 6925
7253 7253
6222 6222
651 651
1942 1942
3321 3321
1081 1081
8285 8285
822 822
623 623
1135 1135
2702 2702
900 900
4624 4624
3999 3999
4097 4097
3122 3122
2375 2375
5520 5520
7021 7021
666 666
6590 6590
8164 8164
1603 1603
5935 5935
7803 7803
647 647
5331 5331
1870 1870
1409 1409
880 880
1226 1226
7058 7058
1878 1878
5613 5613
690 690
4777 4777
5451 5451
2794 2794
2062 2062
8839 8839
2613 2613
2650 2650
8657 8657
4877 4877
7524 7524
4116 4116
8366 8366
4600 4600
7809 7809
561 561
4258 4258
3927 3927
2950 2950
876 876
171 171
5402 5402
1402 1402
4532 4532
8461 8461
6475 6475
1909 1909
7627 7627
2584 2584
4003 4003
1188 1188
2349 2349
8447 8447
5767 5767
919 919
7368 7368
4251 4251
6500 6500
8595 8595
8081 8081
5134 5134
7082 7082
832 832
1365 1365
2684 2684
5287 5287
4933 4933
2292 2292
2449 2449
1278 1278
8196 8196
6912 6912
8196 8196
7918 7918
6499 6499
4470 4470
1234 1234
3207 3207
8423 8423
2106 2106
91 91
1660 1660
6173 6173
386 386
8582 8582
614 614
7443 7443
4915 4915
2691 2691
6913 6913
7283 7283
2830 2830
1825 1825
656 656
2578 2578
35 35
6479 6479
7183 7183
6809 6809
644 644
3722 3722
6185 6185
3696 3696
6738 6738
8695 8695
6827 6827
530 530
5733 5733
2592 2592
5365 5365
1068 1068
6695 6695
5772 5772
8451 8451
172 172
1665 1665
2909 2909
7090 7090
1037 1037
7819 7819
2714 2714
3407 3407
6883 6883
4447 4447
1992 1992
8136 8136
4399 4399
7670 7670
7014 7014
446 446
2465 2465
4609 4609
4291 4291
5876 5876
483 483
4928 4928
290 290
6350 6350
98 98
8317 8317
7784 7784
2705 2705
3928 3928
6081 6081
8552 8552
2556 2556
3267 3267
5728 5728
922 922
3005 3005
2058 2058
7568 7568
4253 4253
3620 3620
7119 7119
1026 1026
1662 1662
6370 6370
1022 1022
5758 5758
8561 8561
5800 5800
7359 7359
4211 4211
5688 5688
2726 2726
5797 5797
940 940
4970 4970
7209 7209
230 230
7438 7438
8271 8271
3236 3236
6481 6481
3927 3927
2759 2759
4273 4273
8700 8700
5284 5284
7040 7040
5447 5447
7699 7699
2818 2818
6981 6981
1079 1079
5944 5944
2418 2418
2644 2644
3525 3525
3564 3564
8332 8332
1634 1634
2229 2229
7836 7836
8661 8661
6714 6714
1108 1108
6361 6361
4820 4820
5197 5197
8723 8723
6019 6019
2420 2420
4436 4436
2036 2036
1520 1520
3971 3971
3609 3609
3506 3506
8008 8008
5058 5058
2761 2761
5137 5137
2689 2689
3489 3489
5362 5362
3592 3592
1084 1084
8290 8290
3842 3842
1402 1402
505 505
8158 8158
7733 7733
197 197
7686 7686
5805 5805
6847 6847
7500 7500
5537 5537
5625 5625
5982 5982
176 176
6715 6715
2363 2363
4135 4135
2461 2461
6031 6031
564 564
3430 3430
4449 4449
7834 7834
1420 1420
4909 4909
2715 2715
1296 1296
5037 5037
3866 3866
8262 8262
3778 3778
8560 8560
7768 7768
5873 5873
3513 3513
1861 1861
2625 2625
2342 2342
2858 2858
5198 5198
773 773
1363 1363
6424 6424
5100 5100
6449 6449
3907 3907
8001 8001
5539 5539
6132 6132
8081 8081
2797 2797
362 362
6417 6417
854 854
1877 1877
7967 7967
595 595
6822 6822
529 529
3942 3942
1733 1733
3729 3729
407 407
2942 2942
3715 3715
3482 3482
1209 1209
6057 6057
2324 2324
3148 3148
8538 8538
5432 5432
6035 6035
5282 5282
6424 6424
4427 4427
5097 5097
2894 2894
2783 2783
988 988
6805 6805
922 922
6965 6965
3444 3444
6882 6882
7041 7041
6478 6478
1376 1376
4923 4923
1900 1900
2870 2870
2124 2124
4686 4686
5586 5586
6110 6110
4046 4046
6494 6494
13 13
6812 6812
218 218
2020 2020
5647 5647
3435 3435
5315 5315
4891 4891
503 503
1294 1294
2472 2472
4003 4003
6826 6826
7424 7424
7459 7459
1988 1988
3402 3402
1683 1683
6156 6156
8181 8181
742 742
3658 3658
5317 5317
2958 2958
5195 5195
5393 5393
3679 3679
6544 6544
6025 6025
502 502
7586 7586
5801 5801
3509 3509
5134 5134
5089 5089
4258 4258
5331 5331
6250 6250
4103 4103
1682 1682
487 487
1914 1914
4833 4833
2612 2612
2929 2929
4851 4851
754 754
8462 8462
3354 3354
6137 6137
225 225
4820 4820
5529 5529
8445 8445
8139 8139
7206 7206
5595 5595
3549 3549
8095 8095
3188 3188
4873 4873
2068 2068
2456 2456
1527 1527
8361 8361
2110 2110
3684 3684
6563 6563
5308 5308
2900 2900
5795 5795
8537 8537
2113 2113
4766 4766
5928 5928
7592 7592
2746 2746
1771 1771
4874 4874
390 390
7406 7406
212 212
1410 1410
4557 4557
1750 1750
8448 8448
4267 4267
7759 7759
5794 5794
5421 5421
7084 7084
4549 4549
600 600
5884 5884
4559 4559
7743 7743
2499 2499
5064 5064
8492 8492
6842 6842
592 592
523 523
3721 3721
6414 6414
535 535
615 615
5099 5099
2072 2072
5707 5707
7071 7071
7123 7123
7521 7521
855 855
2499 2499
1185 1185
7636 7636
7839 7839
2595 2595
4047 4047
3405 3405
5562 5562
5459 5459
4518 4518
2605 2605
3191 3191
5290 5290
7186 7186
6767 6767
3499 3499
1344 1344
3417 3417
4319 4319
2191 2191
384 384
1636 1636
7088 7088
6569 6569
5778 5778
7612 7612
1066 1066
2629 2629
4775 4775
6969 6969
7707 7707
5521 5521
1616 1616
5741 5741
4790 4790
752 752
5 5
7088 7088
6990 6990
7894 7894
7370 7370
3629 3629
6216 6216
2774 2774
867 867
1835 1835
4213 4213
3469 3469
4632 4632
5859 5859
6059 6059
6279 6279
1186 1186
4220 4220
112 112
715 715
6704 6704
3769 3769
3735 3735
5894 5894
5317 5317
376 376
4390 4390
6572 6572
8099 8099
3701 3701
2683 2683
5485 5485
8444 8444
7815 7815
7912 7912
10 10
1677 1677
2145 2145
1357 1357
2518 2518
8337 8337
7244 7244
6908 6908
142 142
2630 2630
1963 1963
6558 6558
5050 5050
2904 2904
133 133
2929 2929
2738 2738
3736 3736
2211 2211
5699 5699
2735 2735
6198 6198
5180 5180
5286 5286
3522 3522
804 804
7163 7163
1415 1415
6900 6900
561 561
710 710
6265 6265
1933 1933
7434 7434
1794 1794
3700 3700
2463 2463
2431 2431
7763 7763
6979 6979
4267 4267
3527 3527
639 639
2973 2973
7910 7910
1087 1087
6487 6487
462 462
7803 7803
4692 4692
3771 3771
2347 2347
276 276
8356 8356
5193 5193
8050 8050
1667 1667
6386 6386
910 910
7086 7086
101 101
2368 2368
6646 6646
799 799
2405 2405
1754 1754
4368 4368
2229 2229
4918 4918
1893 1893
6686 6686
1866 1866
5822 5822
8114 8114
1136 1136
1853 1853
2073 2073
7111 7111
1837 1837
6972 6972
3096 3096
7384 7384
4527 4527
2001 2001
1430 1430
6023 6023
5491 5491
4003 4003
1167 1167
885 885
2598 2598
2248 2248
7240 7240
5741 5741
1588 1588
1305 1305
7694 7694
8269 8269
8202 8202
3572 3572
6919 6919
5616 5616
7975 7975
3702 3702
1836 1836
1864 1864
1430 1430
7286 7286
5457 5457
4039 4039
45 45
2692 2692
4152 4152
5304 5304
3025 3025
4335 4335
2763 2763
4174 4174
2258 2258
7577 7577
7826 7826
202 202
5314 5314
3314 3314
7187 7187
6848 6848
3918 3918
2778 2778
5876 5876
6934 6934
1266 1266
4814 4814
3753 3753
7731 7731
3513 3513
2666 2666
4878 4878
3958 3958
4345 4345
6926 6926
8184 8184
2780 2780
4390 4390
6211 6211
1824 1824
584 584
1055 1055
7227 7227
1460 1460
5969 5969
7962 7962
655 655
5495 5495
5884 5884
4028 4028
552 552
4138 4138
2222 2222
4605 4605
8166 8166
6697 6697
190 190
4135 4135
4282 4282
6970 6970
6082 6082
675 675
3587 3587
4198 4198
4746 4746
1898 1898
126 126
7040 7040
6106 6106
7132 7132
2857 2857
4898 4898
2514 2514
2107 2107
1543 1543
6223 6223
5622 5622
4395 4395
7380 7380
5332 5332
7341 7341
107 107
207 207
197 197
7743 7743
4834 4834
7066 7066
3512 3512
6824 6824
7817 7817
779 779
4789 4789
2803 2803
2903 2903
6740 6740
3178 3178
6052 6052
6271 6271
3456 3456
117 117
8166 8166
6307 6307
4380 4380
4995 4995
5794 5794
3219 3219
7379 7379
2137 2137
2145 2145
2913 2913
7032 7032
5934 5934
4369 4369
1622 1622
34 34
7852 7852
1991 1991
7367 7367
1665 1665
3715 3715
6960 6960
2904 2904
3512 3512
7848 7848
483 483
5103 5103
6193 6193
456 456
2572 2572
2721 2721
380 380
1889 1889
8113 8113
5654 5654
8030 8030
634 634
1299 1299
2089 2089
6389 6389
585 585
671 671
1764 1764
3715 3715
5847 5847
6003 6003
2655 2655
4572 4572
2967 2967
201 201
5185 5185
4125 4125
87 87
2683 2683
4692 4692
121 121
7882 7882
6216 6216
6489 6489
2821 2821
227 227
4461 4461
696 696
4074 4074
2236 2236
2951 2951
1927 1927
7252 7252
4009 4009
3325 3325
7019 7019
6720 6720
3821 3821
4037 4037
3425 3425
8049 8049
5823 5823
485 485
5621 5621
608 608
3814 3814
4000 4000
1161 1161
1640 1640
5528 5528
3039 3039
4541 4541
3968 3968
2433 2433
1682 1682
2643 2643
5058 5058
4770 4770
7460 7460
212 212
297 297
2998 2998
4020 4020
1693 1693
4684 4684
4252 4252
4025 4025
2475 2475
4319 4319
5374 5374
6924 6924
1318 1318
7357 7357
4510 4510
7199 7199
4711 4711
7403 7403
2477 2477
5987 5987
4825 4825
2317 2317
4122 4122
3568 3568
2643 2643
4709 4709
5201 5201
6036 6036
4107 4107
495 495
6293 6293
2146 2146
790 790
7052 7052
3591 3591
4636 4636
4808 4808
7719 7719
3163 3163
3172 3172
1607 1607
2658 2658
8006 8006
6743 6743
6888 6888
4326 4326
4594 4594
237 237
3143 3143
428 428
6254 6254
5811 5811
7742 7742
4915 4915
5647 5647
6122 6122
4790 4790
366 366
4205 4205
6608 6608
3876 3876
5302 5302
524 524
2451 2451
428 428
8025 8025
3025 3025
4936 4936
8032 8032
5442 5442
6653 6653
2556 2556
2816 2816
3022 3022
2056 2056
1969 1969
6967 6967
6756 6756
4037 4037
3117 3117
2628 2628
3984 3984
2147 2147
327 327
2469 2469
1373 1373
7063 7063
4647 4647
4230 4230
7866 7866
1195 1195
6960 6960
4249 4249
7816 7816
3049 3049
288 288
7559 7559
4225 4225
7128 7128
4502 4502
5993 5993
224 224
7499 7499
6767 6767
4823 4823
970 970
2852 2852
4722 4722
2103 2103
6674 6674
2543 2543
6197 6197
2933 2933
911 911
444 444
6396 6396
2744 2744
7870 7870
4641 4641
979 979
1667 1667
3695 3695
3894 3894
6435 6435
3320 3320
7130 7130
1073 1073
6371 6371
4951 4951
4192 4192
3568 3568
4955 4955
3826 3826
6523 6523
2483 2483
7807 7807
3146 3146
7794 7794
3297 3297
6889 6889
5784 5784
4947 4947
6631 6631
1803 1803
3628 3628
6756 6756
2461 2461
5420 5420
4028 4028
7606 7606
4425 4425
2327 2327
2285 2285
2219 2219
1720 1720
2572 2572
7203 7203
3870 3870
2003 2003
3043 3043
6940 6940
1524 1524
1065 1065
883 883
1609 1609
5967 5967
3302 3302
5941 5941
4107 4107
3688 3688
159 159
5 5
2098 2098
2214 2214
6813 6813
5550 5550
2624 2624
130 130
5536 5536
2458 2458
5570 5570
7665 7665
4624 4624
6499 6499
1284 1284
4152 4152
88 88
6562 6562
4868 4868
1506 1506
297 297
4450 4450
6799 6799
2047 2047
2995 2995
4337 4337
1897 1897
6982 6982
3 3
2332 2332
5640 5640
3502 3502
5599 5599
5308 5308
1321 1321
7512 7512
3886 3886
2967 2967
441 441
1850 1850
6785 6785
7305 7305
3528 3528
7437 7437
5090 5090
1013 1013
648 648
133 133
658 658
4689 4689
4489 4489
5525 5525
7662 7662
7604 7604
3646 3646
6602 6602
2108 2108
7244 7244
3558 3558
3046 3046
2638 2638
6496 6496
4755 4755
4879 4879
5469 5469
7824 7824
6421 6421
6904 6904
5992 5992
4332 4332
2110 2110
6066 6066
7866 7866
3354 3354
6155 6155
7076 7076
3067 3067
540 540
4857 4857
855 855
6977 6977
3424 3424
6544 6544
5769 5769
1915 1915
1772 1772
130 130
4397 4397
7602 7602
3809 3809
4224 4224
4296 4296
7259 7259
7318 7318
7242 7242
5595 5595
2294 2294
4319 4319
7542 7542
3348 3348
6777 6777
4999 4999
7281 7281
7755 7755
1857 1857
1319 1319
2415 2415
1438 1438
3207 3207
5272 5272
4631 4631
6929 6929
5959 5959
3967 3967
3264 3264
3222 3222
1532 1532
4878 4878
3587 3587
3845 3845
2729 2729
1210 1210
4919 4919
877 877
4244 4244
3496 3496
7535 7535
6830 6830
3826 3826
1632 1632
1608 1608
1162 1162
4473 4473
1584 1584
5009 5009
3815 3815
5486 5486
1924 1924
4121 4121
2649 2649
3946 3946
4414 4414
4290 4290
3764 3764
6797 6797
1507 1507
6584 6584
3080 3080
263 263
344 344
3625 3625
3038 3038
2077 2077
2333 2333
7218 7218
6751 6751
6756 6756
1116 1116
7792 7792
5118 5118
3928 3928
7535 7535
1075 1075
6604 6604
948 948
4587 4587
5981 5981
4356 4356
1777 1777
2729 2729
5971 5971
2752 2752
6110 6110
6236 6236
7386 7386
124 124
5063 5063
1313 1313
5326 5326
6570 6570
92 92
3930 3930
4501 4501
4854 4854
7070 7070
1924 1924
5039 5039
5142 5142
7240 7240
917 917
494 494
4084 4084
1544 1544
5516 5516
6011 6011
5984 5984
7038 7038
1040 1040
3583 3583
5741 5741
4758 4758
5621 5621
7518 7518
512 512
3644 3644
35 35
6879 6879
7561 7561
3040 3040
4372 4372
1068 1068
248 248
86 86
5328 5328
1845 1845
4500 4500
3864 3864
5606 5606
5693 5693
7416 7416
4464 4464
7198 7198
6954 6954
4321 4321
29 29
6488 6488
4604 4604
2765 2765
4398 4398
5596 5596
422 422
6009 6009
4817 4817
5886 5886
5939 5939
1060 1060
5748 5748
6261 6261
1232 1232
4529 4529
4854 4854
6051 6051
6320 6320
2736 2736
6648 6648
1615 1615
650 650
2622 2622
2045 2045
6202 6202
6864 6864
4800 4800
5105 5105
1637 1637
2770 2770
2546 2546
6385 6385
5455 5455
2727 2727
7133 7133
4246 4246
766 766
5393 5393
5613 5613
2447 2447
688 688
7232 7232
7595 7595
4369 4369
3544 3544
1455 1455
210 210
3226 3226
2375 2375
4040 4040
5363 5363
6396 6396
3824 3824
7004 7004
3871 3871
6349 6349
5192 5192
6740 6740
4552 4552
6344 6344
689 689
5800 5800
4643 4643
855 855
3223 3223
3802 3802
62 62
6357 6357
221 221
4242 4242
5210 5210
5009 5009
1895 1895
898 898
7598 7598
5003 5003
415 415
5115 5115
6351 6351
3368 3368
7610 7610
2094 2094
1740 1740
3332 3332
4880 4880
1211 1211
4650 4650
1316 1316
6469 6469
636 636
4690 4690
7021 7021
5022 5022
7306 7306
3171 3171
3813 3813
2641 2641
5914 5914
2298 2298
2885 2885
4119 4119
5088 5088
5532 5532
2461 2461
6495 6495
1670 1670
3502 3502
882 882
3106 3106
6356 6356
2325 2325
6945 6945
5583 5583
7105 7105
4037 4037
2410 2410
7278 7278
2888 2888
4522 4522
4014 4014
6574 6574
4694 4694
2379 2379
7531 7531
7469 7469
3178 3178
2804 2804
5672 5672
7554 7554
3963 3963
7095 7095
1150 1150
1774 1774
5163 5163
2768 2768
4813 4813
6463 6463
3674 3674
4704 4704
2520 2520
992 992
6490 6490
4960 4960
183 183
6494 6494
2388 2388
5838 5838
3519 3519
265 265
6081 6081
5171 5171
7213 7213
1403 1403
5101 5101
7276 7276
1777 1777
338 338
6134 6134
7262 7262
5066 5066
7340 7340
945 945
2312 2312
3626 3626
6800 6800
3210 3210
1140 1140
6471 6471
1433 1433
951 951
3372 3372
5 5
353 353
6381 6381
139 139
7397 7397
2175 2175
653 653
5526 5526
1168 1168
6564 6564
2831 2831
3843 3843
2625 2625
1168 1168
7169 7169
3761 3761
233 233
3763 3763
4400 4400
7222 7222
3786 3786
1436 1436
5248 5248
6212 6212
2121 2121
5132 5132
5879 5879
4276 4276
479 479
886 886
1290 1290
5212 5212
2188 2188
1513 1513
4077 4077
7402 7402
1805 1805
5094 5094
4198 4198
618 618
1983 1983
7015 7015
3826 3826
4439 4439
4700 4700
5007 5007
1750 1750
2154 2154
1859 1859
4631 4631
7366 7366
1911 1911
4082 4082
4114 4114
1264 1264
4638 4638
4517 4517
2203 2203
489 489
5456 5456
4683 4683
2352 2352
89 89
6173 6173
1827 1827
5621 5621
4314 4314
3023 3023
3344 3344
2209 2209
6193 6193
5988 5988
3311 3311
433 433
962 962
6028 6028
560 560
6246 6246
348 348
7455 7455
3195 3195
6723 6723
6281 6281
6693 6693
4749 4749
4763 4763
4041 4041
4859 4859
4102 4102
2634 2634
1679 1679
6760 6760
2207 2207
2394 2394
1181 1181
6471 6471
5907 5907
6311 6311
3124 3124
6833 6833
2770 2770
5593 5593
5404 5404
5681 5681
5513 5513
6783 6783
3416 3416
4638 4638
2905 2905
4253 4253
2198 2198
2942 2942
4448 4448
5536 5536
2826 2826
5418 5418
1337 1337
1304 1304
3031 3031
2965 2965
6013 6013
6235 6235
7355 7355
5943 5943
63 63
6399 6399
1507 1507
2750 2750
4822 4822
4564 4564
5339 5339
2395 2395
1930 1930
2885 2885
4133 4133
4512 4512
347 347
461 461
5514 5514
6774 6774
7343 7343
2746 2746
4734 4734
848 848
5991 5991
6674 6674
6647 6647
5410 5410
4263 4263
1827 1827
546 546
780 780
774 774
4518 4518
7004 7004
2407 2407
4897 4897
1399 1399
4949 4949
3364 3364
1274 1274
2878 2878
2991 2991
4373 4373
3100 3100
7185 7185
3879 3879
4001 4001
2467 2467
4324 4324
5017 5017
1598 1598
5288 5288
27 27
871 871
1783 1783
6516 6516
1335 1335
3506 3506
4979 4979
2305 2305
6210 6210
3590 3590
2358 2358
1744 1744
5131 5131
1825 1825
5634 5634
5155 5155
3436 3436
4844 4844
2258 2258
1459 1459
2903 2903
2064 2064
2019 2019
1331 1331
7351 7351
2445 2445
6772 6772
317 317
6614 6614
5453 5453
2687 2687
1244 1244
1233 1233
6725 6725
4196 4196
6130 6130
5699 5699
3529 3529
2240 2240
5722 5722
1435 1435
2439 2439
31 31
3599 3599
496 496
6964 6964
2670 2670
1145 1145
1520 1520
6313 6313
3231 3231
191 191
2641 2641
1246 1246
3693 3693
7287 7287
3860 3860
4269 4269
6208 6208
5168 5168
2126 2126
1102 1102
3742 3742
2179 2179
4329 4329
2512 2512
1578 1578
6620 6620
3408 3408
7038 7038
1675 1675
3229 3229
255 255
5433 5433
1316 1316
3627 3627
3098 3098
380 380
3728 3728
5877 5877
3877 3877
466 466
6632 6632
2246 2246
3308 3308
3705 3705
5336 5336
2774 2774
363 363
3473 3473
200 200
5413 5413
2495 2495
5885 5885
602 602
2021 2021
1361 1361
6811 6811
5416 5416
4804 4804
4063 4063
2943 2943
6187 6187
846 846
1385 1385
4508 4508
2179 2179
6804 6804
5064 5064
2905 2905
3383 3383
957 957
4408 4408
3292 3292
6661 6661
3849 3849
5693 5693
4289 4289
2428 2428
4465 4465
3612 3612
6507 6507
586 586
2732 2732
4220 4220
1592 1592
6658 6658
1738 1738
4692 4692
7232 7232
3877 3877
3359 3359
5326 5326
2830 2830
2403 2403
632 632
1904 1904
637 637
2330 2330
4848 4848
3628 3628
5546 5546
6757 6757
5095 5095
2194 2194
4220 4220
1620 1620
5124 5124
5019 5019
1590 1590
5480 5480
3052 3052
4783 4783
6177 6177
1382 1382
2907 2907
2104 2104
2088 2088
3937 3937
5038 5038
181 181
1014 1014
1042 1042
3518 3518
621 621
5065 5065
4670 4670
4399 4399
6289 6289
6602 6602
1195 1195
2717 2717
6940 6940
5833 5833
4831 4831
1613 1613
3082 3082
3580 3580
2907 2907
3636 3636
4093 4093
152 152
575 575
3254 3254
249 249
821 821
5050 5050
7048 7048
4963 4963
4781 4781
1994 1994
1259 1259
3159 3159
1829 1829
3592 3592
557 557
1537 1537
6513 6513
5321 5321
6730 6730
6145 6145
2944 2944
2250 2250
3387 3387
4922 4922
4965 4965
3718 3718
5031 5031
4829 4829
801 801
5575 5575
867 867
6232 6232
5383 5383
2331 2331
6551 6551
2250 2250
5446 5446
3273 3273
4374 4374
4382 4382
5479 5479
5250 5250
6015 6015
696 696
4517 4517
2872 2872
4462 4462
3086 3086
3719 3719
32 32
2873 2873
4066 4066
1467 1467
4794 4794
1505 1505
5663 5663
5333 5333
1778 1778
3081 3081
4140 4140
328 328
4581 4581
4607 4607
3824 3824
4771 4771
6383 6383
6790 6790
6358 6358
6759 6759
3987 3987
6704 6704
4658 4658
1303 1303
4208 4208
3084 3084
5868 5868
3046 3046
4163 4163
1 1
2456 2456
6553 6553
3788 3788
159 159
5529 5529
6879 6879
416 416
567 567
2382 2382
1611 1611
1828 1828
1793 1793
5664 5664
767 767
1093 1093
2774 2774
4957 4957
3307 3307
6608 6608
2507 2507
5024 5024
3294 3294
5794 5794
4136 4136
7008 7008
3779 3779
3873 3873
6724 6724
884 884
6455 6455
7005 7005
6815 6815
6597 6597
361 361
7052 7052
3986 3986
5908 5908
5340 5340
17 17
1336 1336
430 430
254 254
1035 1035
3665 3665
4159 4159
4459 4459
6381 6381
768 768
1611 1611
2145 2145
4536 4536
4227 4227
1316 1316
3245 3245
2830 2830
5949 5949
3303 3303
3996 3996
6660 6660
2261 2261
4441 4441
634 634
841 841
3161 3161
1097 1097
4421 4421
4039 4039
1325 1325
2817 2817
6418 6418
4766 4766
2744 2744
7059 7059
525 525
1936 1936
6753 6753
3242 3242
4621 4621
1549 1549
1794 1794
2825 2825
3940 3940
314 314
4370 4370
4598 4598
3438 3438
6677 6677
770 770
4782 4782
6306 6306
541 541
3043 3043
713 713
5146 5146
4741 4741
1157 1157
6755 6755
1871 1871
2970 2970
6662 6662
3071 3071
505 505
2861 2861
5605 5605
972 972
3746 3746
782 782
2787 2787
4580 4580
599 599
80 80
3420 3420
2226 2226
3924 3924
1474 1474
5453 5453
4010 4010
5707 5707
86 86
2663 2663
6613 6613
3845 3845
3486 3486
6826 6826
5846 5846
6667 6667
4381 4381
5032 5032
3335 3335
5573 5573
832 832
3610 3610
3058 3058
673 673
330 330
6641 6641
6132 6132
460 460
201 201
2633 2633
1137 1137
246 246
5676 5676
2675 2675
1913 1913
1425 1425
1547 1547
6244 6244
1704 1704
1330 1330
5590 5590
3690 3690
3241 3241
5766 5766
1652 1652
3452 3452
6748 6748
233 233
2780 2780
5269 5269
3953 3953
4521 4521
1649 1649
1973 1973
6225 6225
4526 4526
4859 4859
628 628
518 518
1803 1803
5385 5385
5777 5777
861 861
2243 2243
3016 3016
2499 2499
1306 1306
2683 2683
2164 2164
2756 2756
1000 1000
1086 1086
5786 5786
637 637
5904 5904
5275 5275
4250 4250
3829 3829
4324 4324
3196 3196
6724 6724
3806 3806
5039 5039
73 73
604 604
4848 4848
168 168
1984 1984
366 366
832 832
162 162
1974 1974
1207 1207
3743 3743
5959 5959
2824 2824
2641 2641
5442 5442
5049 5049
4498 4498
2382 2382
5697 5697
6576 6576
5990 5990
1046 1046
5551 5551
2703 2703
277 277
5137 5137
1969 1969
5745 5745
3459 3459
3922 3922
3370 3370
47 47
5847 5847
4833 4833
6309 6309
3763 3763
2099 2099
1429 1429
3798 3798
4552 4552
3079 3079
1516 1516
131 131
1109 1109
3026 3026
5776 5776
1350 1350
3098 3098
4310 4310
152 152
4660 4660
6313 6313
4032 4032
2928 2928
1137 1137
3581 3581
5380 5380
5717 5717
3340 3340
5384 5384
3692 3692
4953 4953
5738 5738
1223 1223
913 913
3636 3636
403 403
127 127
6267 6267
5901 5901
976 976
5367 5367
2861 2861
2402 2402
5921 5921
5660 5660
3581 3581
6360 6360
3179 3179
6778 6778
6407 6407
3261 3261
6133 6133
531 531
958 958
5661 5661
3311 3311
726 726
2408 2408
6611 6611
1388 1388
3959 3959
4306 4306
858 858
2890 2890
1679 1679
3720 3720
3679 3679
5454 5454
4896 4896
1732 1732
4133 4133
977 977
2382 2382
2159 2159
3052 3052
3381 3381
1398 1398
3794 3794
5081 5081
3995 3995
2751 2751
869 869
3225 3225
183 183
3445 3445
2650 2650
4186 4186
6049 6049
2631 2631
946 946
5391 5391
6349 6349
1721 1721
5141 5141
2461 2461
2262 2262
2557 2557
5069 5069
165 165
4861 4861
4570 4570
2367 2367
3606 3606
3135 3135
672 672
3663 3663
2158 2158
1637 1637
5577 5577
2559 2559
1802 1802
6397 6397
5859 5859
4400 4400
5098 5098
3714 3714
5570 5570
5874 5874
622 622
6735 6735
3783 3783
928 928
2180 2180
2047 2047
4594 4594
2789 2789
1644 1644
4180 4180
4040 4040
6030 6030
3802 3802
2534 2534
999 999
5270 5270
167 167
2694 2694
1946 1946
748 748
2241 2241
5279 5279
1963 1963
6605 6605
4327 4327
4397 4397
1503 1503
1960 1960
5528 5528
2305 2305
795 795
6404 6404
6641 6641
4552 4552
3188 3188
5811 5811
12 12
3840 3840
1741 1741
541 541
2421 2421
5261 5261
6586 6586
2429 2429
2490 2490
1370 1370
3672 3672
4554 4554
6237 6237
2050 2050
1248 1248
3325 3325
2680 2680
6405 6405
6632 6632
4085 4085
182 182
3918 3918
3811 3811
1357 1357
653 653
6448 6448
5823 5823
5491 5491
6662 6662
2235 2235
3989 3989
3483 3483
4583 4583
4050 4050
1569 1569
3643 3643
2333 2333
2850 2850
505 505
776 776
1911 1911
1815 1815
5211 5211
5275 5275
900 900
133 133
6435 6435
2212 2212
6676 6676
1773 1773
3350 3350
3381 3381
1286 1286
1144 1144
710 710
6175 6175
3174 3174
376 376
4672 4672
4714 4714
2660 2660
6076 6076
2610 2610
5656 5656
386 386
5541 5541
2779 2779
3070 3070
779 779
2075 2075
2023 2023
4881 4881
2163 2163
2712 2712
1265 1265
3261 3261
185 185
6201 6201
6264 6264
2976 2976
3081 3081
55 55
6632 6632
2558 2558
4088 4088
575 575
2911 2911
894 894
6168 6168
611 611
5339 5339
4703 4703
4548 4548
3414 3414
2082 2082
6115 6115
1211 1211
4235 4235
4671 4671
4114 4114
1748 1748
3313 3313
6293 6293
6486 6486
6564 6564
2619 2619
3910 3910
6068 6068
3110 3110
372 372
3304 3304
2072 2072
1214 1214
1943 1943
3756 3756
6509 6509
6572 6572
3485 3485
3461 3461
1098 1098
5662 5662
2404 2404
38 38
2336 2336
5801 5801
3078 3078
4863 4863
5474 5474
315 315
738 738
3633 3633
5251 5251
2582 2582
2175 2175
4161 4161
4105 4105
6251 6251
4563 4563
5906 5906
1312 1312
255 255
1325 1325
460 460
958 958
6484 6484
1393 1393
3996 3996
5824 5824
508 508
5920 5920
4040 4040
3523 3523
3064 3064
6397 6397
2475 2475
5799 5799
4876 4876
1536 1536
2226 2226
3558 3558
6139 6139
3236 3236
2959 2959
5909 5909
4237 4237
3289 3289
1195 1195
5496 5496
1367 1367
3735 3735
200 200
4701 4701
6030 6030
5944 5944
1449 1449
6481 6481
4655 4655
1537 1537
954 954
672 672
3011 3011
3469 3469
3655 3655
5033 5033
1786 1786
1713 1713
1583 1583
6262 6262
2991 2991
4364 4364
4674 4674
2767 2767
714 714
471 471
1379 1379
271 271
4753 4753
2484 2484
678 678
932 932
1091 1091
4853 4853
6284 6284
3251 3251
3984 3984
1470 1470
3306 3306
3529 3529
1527 1527
167 167
5684 5684
2446 2446
1697 1697
5766 5766
3854 3854
2364 2364
4236 4236
5026 5026
6447 6447
3903 3903
1876 1876
3698 3698
2334 2334
605 605
2683 2683
6067 6067
210 210
5271 5271
682 682
5361 5361
2003 2003
1806 1806
1239 1239
1650 1650
4219 4219
390 390
1850 1850
2777 2777
256 256
2133 2133
2889 2889
4827 4827
3246 3246
2492 2492
988 988
580 580
5104 5104
827 827
5729 5729
4060 4060
6347 6347
21 21
3194 3194
693 693
5136 5136
1248 1248
6217 6217
2578 2578
3136 3136
2424 2424
4940 4940
3484 3484
4565 4565
5988 5988
2541 2541
2762 2762
1163 1163
2854 2854
4909 4909
143 143
281 281
1607 1607
3572 3572
5117 5117
5982 5982
5927 5927
727 727
1043 1043
5526 5526
552 552
6400 6400
6344 6344
1045 1045
4279 4279
3166 3166
1706 1706
2994 2994
761 761
4156 4156
5833 5833
1782 1782
3014 3014
6335 6335
1527 1527
4540 4540
5160 5160
6068 6068
2248 2248
6286 6286
2495 2495
2783 2783
320 320
3725 3725
1366 1366
733 733
3559 3559
6021 6021
4696 4696
1244 1244
5961 5961
411 411
2562 2562
3241 3241
3118 3118
2097 2097
5799 5799
2134 2134
6085 6085
3666 3666
614 614
1022 1022
1002 1002
5591 5591
2693 2693
2611 2611
1572 1572
4730 4730
4600 4600
840 840
3350 3350
2061 2061
4509 4509
5502 5502
3772 3772
5403 5403
2393 2393
5679 5679
6287 6287
3911 3911
3297 3297
3318 3318
5602 5602
6371 6371
2729 2729
641 641
3551 3551
3638 3638
2599 2599
5057 5057
238 238
5714 5714
3952 3952
3073 3073
1834 1834
2070 2070
5005 5005
1366 1366
1170 1170
6217 6217
870 870
5677 5677
547 547
4670 4670
1461 1461
721 721
2239 2239
3090 3090
914 914
2526 2526
4641 4641
2494 2494
5803 5803
3357 3357
2934 2934
1923 1923
3069 3069
802 802
6341 6341
5777 5777
741 741
60 60
1697 1697
4097 4097
551 551
5872 5872
539 539
5164 5164
4397 4397
583 583
1074 1074
574 574
3344 3344
5348 5348
3623 3623
1969 1969
6317 6317
2732 2732
969 969
6245 6245
5624 5624
6095 6095
1221 1221
5885 5885
4667 4667
2018 2018
764 764
2178 2178
6014 6014
51 51
2883 2883
4266 4266
5423 5423
1339 1339
6331 6331
3269 3269
1523 1523
5813 5813
2957 2957
3933 3933
763 763
222 222
1904 1904
1415 1415
2840 2840
5970 5970
5857 5857
1982 1982
858 858
1933 1933
2733 2733
2535 2535
5370 5370
1205 1205
4995 4995
365 365
1387 1387
4301 4301
1226 1226
3207 3207
1836 1836
799 799
967 967
2402 2402
3059 3059
4480 4480
3425 3425
3265 3265
4909 4909
2276 2276
5670 5670
4107 4107
5482 5482
2586 2586
879 879
4296 4296
5324 5324
3067 3067
5219 5219
4011 4011
52 52
122 122
5533 5533
5448 5448
4442 4442
5676 5676
2375 2375
4410 4410
5696 5696
4965 4965
4351 4351
6159 6159
4775 4775
4251 4251
2092 2092
25 25
4392 4392
3884 3884
2901 2901
1994 1994
3251 3251
882 882
518 518
659 659
3770 3770
655 655
612 612
1747 1747
1309 1309
5649 5649
4756 4756
5323 5323
4839 4839
2513 2513
5730 5730
1372 1372
3071 3071
3127 3127
5287 5287
5284 5284
219 219
4570 4570
2267 2267
5243 5243
6031 6031
4191 4191
1190 1190
2947 2947
937 937
4666 4666
3346 3346
2863 2863
2638 2638
3781 3781
1981 1981
5386 5386
2543 2543
2338 2338
3541 3541
985 985
1308 1308
4385 4385
5212 5212
100 100
1911 1911
3572 3572
5414 5414
4842 4842
1625 1625
1205 1205
1409 1409
2426 2426
3458 3458
23 23
3114 3114
170 170
3972 3972
3677 3677
1826 1826
5602 5602
2584 2584
4178 4178
4267 4267
2622 2622
558 558
776 776
787 787
3185 3185
2068 2068
757 757
1958 1958
761 761
39 39
3326 3326
3470 3470
5548 5548
5352 5352
5921 5921
5271 5271
3299 3299
239 239
5514 5514
3771 3771
3050 3050
4770 4770
3219 3219
5736 5736
4548 4548
4646 4646
3443 3443
5242 5242
1694 1694
4663 4663
3648 3648
5048 5048
2392 2392
5739 5739
2412 2412
1390 1390
5346 5346
967 967
4389 4389
4269 4269
1825 1825
3744 3744
4268 4268
5678 5678
5594 5594
4162 4162
798 798
923 923
3370 3370
4299 4299
865 865
1801 1801
2284 2284
2692 2692
1246 1246
5821 5821
2752 2752
5333 5333
1720 1720
311 311
3817 3817
2700 2700
5508 5508
5727 5727
532 532
4014 4014
1863 1863
5436 5436
1219 1219
5875 5875
3776 3776
311 311
5134 5134
1477 1477
6109 6109
1111 1111
2567 2567
837 837
3827 3827
2092 2092
2541 2541
3748 3748
5896 5896
3157 3157
3371 3371
5774 5774
327 327
5641 5641
2752 2752
3825 3825
5946 5946
2317 2317
1219 1219
4329 4329
1737 1737
4596 4596
4069 4069
5077 5077
4475 4475
2421 2421
560 560
5636 5636
4333 4333
5599 5599
1684 1684
776 776
1378 1378
2413 2413
340 340
1273 1273
164 164
3698 3698
5189 5189
5265 5265
4185 4185
5055 5055
2688 2688
1257 1257
5995 5995
5037 5037
2514 2514
1018 1018
4059 4059
3049 3049
2236 2236
1048 1048
3291 3291
3930 3930
4943 4943
2745 2745
3685 3685
5081 5081
5913 5913
1610 1610
2196 2196
5041 5041
2624 2624
3655 3655
4635 4635
4773 4773
5071 5071
214 214
3431 3431
1458 1458
5051 5051
764 764
4267 4267
5122 5122
5912 5912
2314 2314
2366 2366
43 43
3600 3600
5104 5104
4936 4936
1541 1541
382 382
5320 5320
983 983
2060 2060
652 652
1082 1082
1427 1427
4510 4510
4007 4007
2993 2993
5014 5014
2470 2470
1364 1364
5988 5988
4905 4905
5373 5373
2646 2646
4636 4636
1636 1636
2950 2950
4857 4857
3012 3012
480 480
5727 5727
4451 4451
5335 5335
3709 3709
544 544
4943 4943
4243 4243
2872 2872
1608 1608
3682 3682
2356 2356
1276 1276
5064 5064
4379 4379
3224 3224
2315 2315
4608 4608
4678 4678
1244 1244
37 37
3355 3355
1429 1429
2205 2205
25 25
2652 2652
544 544
1607 1607
801 801
1635 1635
2511 2511
96 96
4618 4618
3028 3028
1108 1108
5853 5853
5773 5773
458 458
1168 1168
163 163
1766 1766
4798 4798
3227 3227
2206 2206
4010 4010
5254 5254
5230 5230
604 604
4074 4074
4679 4679
5200 5200
1529 1529
1073 1073
5102 5102
3524 3524
307 307
5007 5007
2908 2908
4538 4538
3127 3127
2357 2357
215 215
5701 5701
1010 1010
1140 1140
4011 4011
3065 3065
2380 2380
1273 1273
2837 2837
2695 2695
5792 5792
3583 3583
420 420
3040 3040
3344 3344
5819 5819
2408 2408
2504 2504
3916 3916
1306 1306
1967 1967
5088 5088
1731 1731
5493 5493
1004 1004
768 768
1671 1671
2502 2502
5034 5034
3170 3170
4197 4197
1269 1269
2390 2390
2985 2985
2505 2505
1492 1492
5578 5578
1170 1170
2381 2381
1795 1795
1397 1397
2951 2951
3722 3722
4783 4783
578 578
1028 1028
936 936
3378 3378
217 217
3801 3801
1745 1745
297 297
5614 5614
768 768
1002 1002
2971 2971
1400 1400
1304 1304
4887 4887
515 515
3704 3704
3852 3852
5203 5203
4378 4378
1786 1786
4542 4542
5701 5701
2910 2910
2507 2507
5553 5553
1334 1334
2370 2370
3512 3512
4023 4023
2496 2496
5308 5308
5097 5097
5676 5676
5313 5313
3992 3992
2014 2014
960 960
2459 2459
800 800
5776 5776
4054 4054
2498 2498
2349 2349
2770 2770
3167 3167
2693 2693
337 337
2919 2919
1004 1004
3226 3226
353 353
5123 5123
4184 4184
5189 5189
938 938
916 916
208 208
2024 2024
5695 5695
2989 2989
3477 3477
1316 1316
3198 3198
4019 4019
2311 2311
3302 3302
4319 4319
521 521
2809 2809
4962 4962
696 696
25 25
4421 4421
418 418
1778 1778
5714 5714
2646 2646
5215 5215
334 334
5771 5771
4098 4098
682 682
4983 4983
3913 3913
5174 5174
2683 2683
517 517
2903 2903
2464 2464
124 124
4841 4841
5656 5656
4640 4640
373 373
1654 1654
2785 2785
5735 5735
1925 1925
529 529
2571 2571
2057 2057
3751 3751
1548 1548
4603 4603
2801 2801
4000 4000
2979 2979
5730 5730
449 449
2023 2023
5714 5714
1091 1091
2805 2805
2975 2975
2672 2672
2854 2854
2578 2578
654 654
3680 3680
806 806
4921 4921
2780 2780
394 394
2700 2700
1999 1999
3379 3379
912 912
3597 3597
4112 4112
4156 4156
2626 2626
2077 2077
3589 3589
4848 4848
3216 3216
1732 1732
1849 1849
2147 2147
1623 1623
5375 5375
1370 1370
3979 3979
5533 5533
4855 4855
405 405
2353 2353
450 450
3211 3211
868 868
261 261
3006 3006
1815 1815
5265 5265
3169 3169
1447 1447
2565 2565
3030 3030
5598 5598
5165 5165
854 854
627 627
5077 5077
5570 5570
3851 3851
4334 4334
1574 1574
4174 4174
5198 5198
1835 1835
4627 4627
1855 1855
3356 3356
2040 2040
749 749
962 962
4188 4188
2404 2404
5084 5084
3805 3805
4352 4352
4825 4825
3962 3962
889 889
3628 3628
5578 5578
2596 2596
2640 2640
1177 1177
1239 1239
5494 5494
4073 4073
4360 4360
4811 4811
1518 1518
2612 2612
27 27
1071 1071
4993 4993
4802 4802
4313 4313
1106 1106
992 992
5465 5465
1285 1285
3014 3014
4827 4827
2271 2271
4349 4349
5045 5045
4692 4692
673 673
4674 4674
1079 1079
1196 1196
2534 2534
4973 4973
3942 3942
2747 2747
3749 3749
1122 1122
4459 4459
1435 1435
405 405
1193 1193
4700 4700
1149 1149
5217 5217
3933 3933
1922 1922
2865 2865
3929 3929
4645 4645
3002 3002
1550 1550
4805 4805
5293 5293
3255 3255
3335 3335
1178 1178
5368 5368
4070 4070
313 313
4437 4437
3845 3845
2104 2104
3114 3114
2409 2409
4848 4848
2480 2480
2811 2811
231 231
3962 3962
2945 2945
3757 3757
4017 4017
1070 1070
5 5
1525 1525
1641 1641
3850 3850
1686 1686
3975 3975
2331 2331
5654 5654
2471 2471
1276 1276
2245 2245
4231 4231
3848 3848
703 703
1910 1910
2760 2760
521 521
407 407
337 337
2945 2945
548 548
974 974
5263 5263
1381 1381
5545 5545
645 645
1879 1879
4667 4667
2307 2307
4684 4684
5616 5616
1427 1427
2155 2155
181 181
970 970
473 473
308 308
4961 4961
5584 5584
3364 3364
2929 2929
4296 4296
1891 1891
1991 1991
2159 2159
3156 3156
1983 1983
709 709
4767 4767
4506 4506
1756 1756
2204 2204
1401 1401
2559 2559
5016 5016
1512 1512
764 764
787 787
2746 2746
2022 2022
526 526
1176 1176
4468 4468
1183 1183
1767 1767
4227 4227
3141 3141
2640 2640
1167 1167
5016 5016
4281 4281
1913 1913
3630 3630
1313 1313
2276 2276
1756 1756
3640 3640
4039 4039
128 128
2328 2328
757 757
994 994
3254 3254
1738 1738
4075 4075
4604 4604
4450 4450
1011 1011
2396 2396
4606 4606
2969 2969
4565 4565
3249 3249
3409 3409
5159 5159
2082 2082
574 574
4193 4193
3898 3898
4245 4245
5584 5584
2412 2412
3843 3843
821 821
2027 2027
2451 2451
4553 4553
121 121
5404 5404
5462 5462
2748 2748
2145 2145
4670 4670
1007 1007
5210 5210
81 81
871 871
3591 3591
5520 5520
592 592
37 37
4303 4303
4289 4289
3981 3981
920 920
4983 4983
3660 3660
3189 3189
1495 1495
5449 5449
1082 1082
2136 2136
452 452
5429 5429
1077 1077
3068 3068
654 654
1042 1042
4553 4553
3396 3396
3007 3007
5171 5171
3394 3394
5535 5535
1189 1189
1125 1125
3957 3957
97 97
3726 3726
5031 5031
896 896
3339 3339
3721 3721
236 236
4203 4203
2024 2024
981 981
1546 1546
1599 1599
1422 1422
2631 2631
4433 4433
4179 4179
646 646
832 832
4332 4332
4147 4147
4338 4338
1456 1456
4710 4710
4230 4230
1001 1001
2169 2169
1692 1692
1580 1580
5044 5044
473 473
2329 2329
489 489
411 411
5369 5369
772 772
3132 3132
506 506
4778 4778
3786 3786
1426 1426
5124 5124
2851 2851
2826 2826
852 852
4648 4648
3494 3494
807 807
5347 5347
3138 3138
4727 4727
5111 5111
618 618
2557 2557
987 987
1262 1262
5240 5240
4932 4932
54 54
2659 2659
3646 3646
3197 3197
4893 4893
2469 2469
3588 3588
4261 4261
731 731
4445 4445
5032 5032
4139 4139
2355 2355
4286 4286
3289 3289
2313 2313
3623 3623
2775 2775
4609 4609
1747 1747
4958 4958
3006 3006
1344 1344
1332 1332
3989 3989
3943 3943
4454 4454
1409 1409
2719 2719
1268 1268
248 248
2396 2396
859 859
3750 3750
264 264
1314 1314
5124 5124
2674 2674
5430 5430
4488 4488
3523 3523
2108 2108
4395 4395
1684 1684
3554 3554
3874 3874
3169 3169
713 713
4690 4690
4753 4753
4499 4499
2716 2716
4626 4626
4241 4241
1441 1441
3589 3589
2211 2211
4588 4588
3926 3926
5376 5376
5090 5090
1767 1767
290 290
4692 4692
1323 1323
1031 1031
1768 1768
2946 2946
1368 1368
1076 1076
4869 4869
322 322
3910 3910
4344 4344
3065 3065
3883 3883
2403 2403
1443 1443
1747 1747
4037 4037
4880 4880
5080 5080
452 452
153 153
3307 3307
978 978
1602 1602
572 572
4039 4039
4966 4966
548 548
1536 1536
1000 1000
4423 4423
3894 3894
2214 2214
1214 1214
4468 4468
3714 3714
1115 1115
2433 2433
2319 2319
5058 5058
3671 3671
981 981
4400 4400
4725 4725
3356 3356
2403 2403
3926 3926
4170 4170
3829 3829
1063 1063
3148 3148
3752 3752
1843 1843
921 921
3455 3455
2552 2552
3133 3133
3865 3865
1638 1638
74 74
485 485
1580 1580
2784 2784
3760 3760
5309 5309
477 477
1646 1646
1090 1090
1722 1722
4906 4906
2095 2095
1810 1810
2021 2021
2207 2207
1326 1326
2038 2038
2585 2585
1593 1593
53 53
5201 5201
4526 4526
888 888
3341 3341
1739 1739
986 986
3166 3166
2314 2314
2639 2639
1062 1062
4826 4826
1066 1066
2656 2656
1495 1495
5266 5266
217 217
2392 2392
696 696
4633 4633
3926 3926
294 294
4039 4039
2228 2228
2064 2064
847 847
2944 2944
1049 1049
3633 3633
1507 1507
1996 1996
623 623
3153 3153
2655 2655
2314 2314
1734 1734
3194 3194
3854 3854
2763 2763
469 469
3993 3993
4813 4813
4167 4167
5169 5169
803 803
1383 1383
4872 4872
483 483
1388 1388
598 598
2183 2183
4531 4531
3034 3034
1899 1899
4241 4241
5203 5203
2486 2486
1839 1839
3092 3092
5136 5136
2752 2752
4838 4838
199 199
2239 2239
839 839
3347 3347
3309 3309
4384 4384
2933 2933
3898 3898
4742 4742
2651 2651
1886 1886
3943 3943
3831 3831
2349 2349
1753 1753
3834 3834
3832 3832
1630 1630
3632 3632
3869 3869
3157 3157
861 861
3660 3660
3597 3597
2932 2932
4610 4610
1905 1905
1749 1749
3086 3086
4675 4675
1341 1341
4091 4091
3226 3226
3491 3491
2425 2425
3822 3822
5249 5249
4594 4594
1373 1373
1254 1254
2244 2244
1800 1800
4876 4876
774 774
1819 1819
3384 3384
4268 4268
948 948
2671 2671
2800 2800
229 229
1920 1920
4803 4803
2293 2293
2618 2618
1035 1035
3861 3861
235 235
101 101
1741 1741
2988 2988
2622 2622
1495 1495
915 915
3131 3131
4718 4718
5136 5136
87 87
1190 1190
958 958
3474 3474
17 17
2903 2903
136 136
1922 1922
1935 1935
1523 1523
3421 3421
3165 3165
1172 1172
1755 1755
1104 1104
791 791
1959 1959
1779 1779
4460 4460
614 614
3796 3796
4656 4656
4002 4002
4022 4022
5179 5179
4121 4121
4815 4815
1326 1326
3795 3795
3426 3426
471 471
3201 3201
3558 3558
4451 4451
81 81
2676 2676
2868 2868
3370 3370
2735 2735
4746 4746
1706 1706
4117 4117
5006 5006
946 946
1402 1402
1158 1158
2932 2932
406 406
1697 1697
759 759
3901 3901
2270 2270
3976 3976
1626 1626
4016 4016
2520 2520
4606 4606
3499 3499
454 454
2665 2665
3713 3713
4043 4043
4590 4590
4266 4266
382 382
422 422
4976 4976
2403 2403
2153 2153
431 431
4438 4438
2978 2978
431 431
3729 3729
4081 4081
3956 3956
439 439
606 606
1803 1803
2033 2033
1915 1915
2865 2865
686 686
2564 2564
198 198
2497 2497
340 340
2211 2211
3287 3287
4948 4948
1778 1778
146 146
3319 3319
4688 4688
2329 2329
4028 4028
1501 1501
4808 4808
3333 3333
1855 1855
2803 2803
379 379
4395 4395
976 976
3361 3361
4610 4610
4914 4914
995 995
148 148
4603 4603
2283 2283
3026 3026
258 258
1944 1944
746 746
4662 4662
2081 2081
3536 3536
4388 4388
1659 1659
241 241
2254 2254
1962 1962
1488 1488
4542 4542
687 687
3846 3846
4364 4364
4228 4228
1053 1053
1099 1099
2856 2856
3457 3457
930 930
3089 3089
2290 2290
523 523
2267 2267
4197 4197
4935 4935
5049 5049
741 741
4482 4482
656 656
1891 1891
4505 4505
4708 4708
3413 3413
3554 3554
1399 1399
4354 4354
1253 1253
4331 4331
2533 2533
1060 1060
2826 2826
4500 4500
4080 4080
2502 2502
3812 3812
504 504
2501 2501
1450 1450
4286 4286
2804 2804
1809 1809
5013 5013
4738 4738
2999 2999
420 420
1241 1241
4825 4825
2037 2037
4740 4740
5000 5000
759 759
3711 3711
4614 4614
527 527
82 82
4923 4923
4965 4965
4658 4658
2027 2027
2540 2540
4587 4587
1993 1993
3122 3122
2168 2168
3745 3745
4898 4898
4293 4293
3289 3289
2080 2080
2743 2743
161 161
717 717
1024 1024
2266 2266
4011 4011
2685 2685
4910 4910
4963 4963
4879 4879
1625 1625
3682 3682
4137 4137
4459 4459
3596 3596
4714 4714
2500 2500
2651 2651
1343 1343
1814 1814
4984 4984
4630 4630
2232 2232
4298 4298
1784 1784
1167 1167
3028 3028
1664 1664
4547 4547
4983 4983
528 528
1774 1774
3132 3132
2929 2929
4452 4452
2734 2734
1825 1825
2548 2548
2239 2239
2474 2474
4617 4617
570 570
284 284
2357 2357
2730 2730
996 996
1816 1816
1506 1506
2231 2231
722 722
69 69
2039 2039
3975 3975
114 114
3998 3998
4891 4891
961 961
4040 4040
3477 3477
1659 1659
4908 4908
2523 2523
2931 2931
911 911
4521 4521
2318 2318
2701 2701
449 449
3708 3708
2279 2279
4294 4294
2412 2412
3204 3204
3154 3154
3563 3563
765 765
1514 1514
45 45
90 90
3052 3052
1609 1609
757 757
466 466
810 810
30 30
2751 2751
48 48
2736 2736
3220 3220
4551 4551
2382 2382
1422 1422
1497 1497
839 839
158 158
3998 3998
211 211
1752 1752
3661 3661
1429 1429
990 990
690 690
1659 1659
1952 1952
4859 4859
2295 2295
4137 4137
2170 2170
1425 1425
968 968
1800 1800
813 813
4203 4203
2006 2006
4378 4378
968 968
660 660
2553 2553
89 89
360 360
3869 3869
3243 3243
1546 1546
4337 4337
3346 3346
3896 3896
2058 2058
4065 4065
4272 4272
1167 1167
4701 4701
1673 1673
2895 2895
2307 2307
795 795
4488 4488
4774 4774
1914 1914
4127 4127
1296 1296
3665 3665
1112 1112
3710 3710
706 706
1258 1258
3939 3939
1837 1837
2132 2132
1581 1581
788 788
1538 1538
3697 3697
2067 2067
1228 1228
158 158
2982 2982
717 717
967 967
2996 2996
3391 3391
3430 3430
4211 4211
275 275
2793 2793
1468 1468
1372 1372
706 706
4695 4695
2425 2425
2329 2329
3583 3583
4539 4539
1004 1004
433 433
415 415
4211 4211
3276 3276
1390 1390
2969 2969
4720 4720
4130 4130
3720 3720
1720 1720
1767 1767
2699 2699
1665 1665
998 998
1793 1793
3919 3919
390 390
4206 4206
1130 1130
2331 2331
836 836
2828 2828
2012 2012
2266 2266
3523 3523
4660 4660
2100 2100
1731 1731
2181 2181
608 608
3439 3439
3375 3375
4499 4499
2784 2784
520 520
1294 1294
3605 3605
4805 4805
2595 2595
3928 3928
721 721
2587 2587
2304 2304
4240 4240
3660 3660
710 710
554 554
4789 4789
3030 3030
1078 1078
3932 3932
1718 1718
3074 3074
1453 1453
562 562
2175 2175
3067 3067
1148 1148
2333 2333
1255 1255
2926 2926
2106 2106
3372 3372
3034 3034
1589 1589
2792 2792
3393 3393
2746 2746
1625 1625
1868 1868
3103 3103
4232 4232
4155 4155
3196 3196
2694 2694
4118 4118
1340 1340
4560 4560
1307 1307
4388 4388
1964 1964
1867 1867
3489 3489
1354 1354
1357 1357
898 898
1642 1642
273 273
4051 4051
3221 3221
2104 2104
3851 3851
3196 3196
2949 2949
1864 1864
1029 1029
4301 4301
763 763
4457 4457
3376 3376
555 555
4583 4583
4735 4735
2110 2110
222 222
1763 1763
1 1
3565 3565
1792 1792
3814 3814
2106 2106
4633 4633
510 510
3100 3100
3379 3379
4043 4043
2757 2757
2134 2134
4136 4136
3115 3115
3993 3993
2531 2531
1677 1677
2424 2424
3880 3880
3669 3669
2843 2843
1790 1790
762 762
2712 2712
2635 2635
1291 1291
2281 2281
829 829
1923 1923
4429 4429
1334 1334
2206 2206
4661 4661
1416 1416
2490 2490
1079 1079
1323 1323
469 469
4585 4585
1103 1103
3217 3217
4351 4351
1385 1385
428 428
4315 4315
4088 4088
2511 2511
3680 3680
3557 3557
2170 2170
272 272
3124 3124
2313 2313
1443 1443
3700 3700
3959 3959
2743 2743
4162 4162
2069 2069
469 469
1798 1798
3173 3173
987 987
273 273
3981 3981
1314 1314
1073 1073
1057 1057
124 124
35 35
2194 2194
2929 2929
3953 3953
2336 2336
4219 4219
1639 1639
2989 2989
4346 4346
4079 4079
1067 1067
2007 2007
3117 3117
469 469
2976 2976
4036 4036
3970 3970
1487 1487
792 792
1510 1510
637 637
4237 4237
3690 3690
1708 1708
985 985
4313 4313
4475 4475
2437 2437
424 424
748 748
4103 4103
3473 3473
926 926
3791 3791
2697 2697
2266 2266
2285 2285
4026 4026
3665 3665
2217 2217
2628 2628
2243 2243
3279 3279
631 631
2078 2078
799 799
4548 4548
362 362
3913 3913
2887 2887
4353 4353
4037 4037
3030 3030
2179 2179
4134 4134
588 588
3620 3620
1849 1849
1520 1520
2642 2642
2423 2423
101 101
3140 3140
3836 3836
1319 1319
3361 3361
3359 3359
3784 3784
4088 4088
3302 3302
1801 1801
3329 3329
2966 2966
4433 4433
2295 2295
1802 1802
1937 1937
2958 2958
2210 2210
2589 2589
3955 3955
1023 1023
3551 3551
4370 4370
545 545
4293 4293
132 132
3622 3622
3379 3379
3725 3725
3081 3081
4516 4516
1849 1849
3995 3995
1503 1503
359 359
4253 4253
3853 3853
1050 1050
4285 4285
3719 3719
3295 3295
1107 1107
588 588
3642 3642
4388 4388
1029 1029
2391 2391
1546 1546
4227 4227
727 727
1409 1409
139 139
2413 2413
4498 4498
3130 3130
859 859
2565 2565
4154 4154
683 683
3200 3200
810 810
3998 3998
1085 1085
3791 3791
613 613
2059 2059
1446 1446
3554 3554
3373 3373
4200 4200
1121 1121
22 22
3141 3141
2097 2097
3162 3162
2483 2483
4439 4439
3984 3984
3934 3934
3329 3329
228 228
3033 3033
492 492
3742 3742
1516 1516
726 726
2262 2262
1522 1522
1265 1265
110 110
3177 3177
3789 3789
600 600
2012 2012
3821 3821
4330 4330
3285 3285
2557 2557
2563 2563
3569 3569
70 70
291 291
3238 3238
3737 3737
1336 1336
1801 1801
2492 2492
2441 2441
1628 1628
1366 1366
141 141
4350 4350
274 274
4231 4231
422 422
4306 4306
1496 1496
3041 3041
52 52
4083 4083
4026 4026
2734 2734
1673 1673
3840 3840
487 487
4127 4127
428 428
3078 3078
2314 2314
3081 3081
604 604
1650 1650
3817 3817
3841 3841
4278 4278
2955 2955
2136 2136
185 185
86 86
185 185
2369 2369
3777 3777
1986 1986
1932 1932
381 381
532 532
1069 1069
31 31
3717 3717
2787 2787
3842 3842
3591 3591
1457 1457
558 558
971 971
209 209
763 763
2768 2768
3008 3008
440 440
3924 3924
3403 3403
4256 4256
618 618
1540 1540
3192 3192
2476 2476
2581 2581
2565 2565
123 123
3265 3265
773 773
2564 2564
3102 3102
544 544
3848 3848
1365 1365
2053 2053
1785 1785
1467 1467
1891 1891
2670 2670
2758 2758
473 473
1508 1508
644 644
4190 4190
1049 1049
1084 1084
3534 3534
1546 1546
2776 2776
330 330
214 214
2452 2452
4095 4095
1388 1388
3645 3645
2674 2674
480 480
2079 2079
3239 3239
2411 2411
2952 2952
2335 2335
1750 1750
2130 2130
3169 3169
363 363
4362 4362
1324 1324
2599 2599
1073 1073
4181 4181
471 471
3293 3293
3445 3445
2576 2576
1004 1004
4266 4266
3994 3994
2854 2854
2738 2738
3527 3527
1462 1462
1498 1498
2704 2704
1327 1327
4358 4358
1913 1913
2139 2139
2346 2346
486 486
764 764
2415 2415
655 655
3420 3420
3151 3151
1592 1592
258 258
3429 3429
1877 1877
3546 3546
3475 3475
229 229
279 279
1226 1226
1517 1517
1954 1954
1688 1688
4096 4096
4130 4130
1753 1753
4337 4337
3795 3795
2406 2406
2183 2183
3103 3103
596 596
4226 4226
2724 2724
896 896
2109 2109
507 507
666 666
1138 1138
2925 2925
285 285
2538 2538
1092 1092
4020 4020
3031 3031
3364 3364
2949 2949
1963 1963
1317 1317
1498 1498
68 68
2751 2751
4335 4335
3085 3085
4 4
1678 1678
695 695
781 781
2214 2214
3719 3719
4242 4242
2764 2764
3113 3113
1798 1798
2754 2754
2495 2495
1551 1551
3694 3694
1601 1601
2843 2843
3257 3257
1734 1734
1248 1248
2080 2080
4282 4282
2060 2060
2548 2548
2752 2752
2648 2648
3597 3597
2812 2812
2216 2216
2536 2536
745 745
403 403
2852 2852
180 180
1481 1481
2824 2824
2474 2474
3179 3179
956 956
2707 2707
55 55
2937 2937
2196 2196
81 81
1592 1592
1789 1789
22 22
331 331
1417 1417
705 705
964 964
292 292
3588 3588
4259 4259
1397 1397
3807 3807
4113 4113
2317 2317
2156 2156
3736 3736
1219 1219
822 822
3955 3955
2843 2843
937 937
3143 3143
3613 3613
2754 2754
2536 2536
1357 1357
2958 2958
2218 2218
1815 1815
3661 3661
2778 2778
331 331
1641 1641
374 374
2577 2577
966 966
836 836
738 738
1578 1578
1738 1738
3596 3596
88 88
986 986
802 802
527 527
1283 1283
256 256
1819 1819
578 578
4174 4174
3441 3441
1280 1280
186 186
2815 2815
1653 1653
1323 1323
2091 2091
3238 3238
3729 3729
4071 4071
51 51
3455 3455
1742 1742
1245 1245
3939 3939
579 579
3020 3020
1447 1447
1708 1708
3574 3574
4120 4120
3293 3293
2362 2362
1327 1327
13 13
196 196
1763 1763
2992 2992
2915 2915
4084 4084
611 611
1731 1731
4097 4097
3310 3310
1289 1289
2790 2790
3829 3829
2759 2759
803 803
1013 1013
1421 1421
2091 2091
3541 3541
1683 1683
2530 2530
340 340
3179 3179
1237 1237
2551 2551
3692 3692
2881 2881
839 839
2219 2219
2440 2440
788 788
1602 1602
1777 1777
1386 1386
3299 3299
3156 3156
3313 3313
3361 3361
1769 1769
500 500
2941 2941
2550 2550
4020 4020
1941 1941
3494 3494
2805 2805
2917 2917
1996 1996
2666 2666
737 737
3348 3348
1924 1924
2228 2228
1443 1443
787 787
906 906
2603 2603
16 16
387 387
552 552
2055 2055
1254 1254
568 568
1512 1512
1677 1677
1690 1690
1184 1184
3246 3246
3374 3374
2445 2445
3344 3344
2651 2651
150 150
2667 2667
3068 3068
2255 2255
1289 1289
3897 3897
831 831
714 714
2497 2497
551 551
2024 2024
1229 1229
128 128
1234 1234
1408 1408
3800 3800
1902 1902
578 578
2098 2098
1310 1310
1980 1980
2567 2567
1481 1481
1502 1502
733 733
3959 3959
2978 2978
312 312
2360 2360
2324 2324
1860 1860
3702 3702
3449 3449
699 699
802 802
117 117
2888 2888
2443 2443
1318 1318
3326 3326
2692 2692
2329 2329
864 864
3397 3397
4098 4098
650 650
651 651
2060 2060
3440 3440
269 269
2957 2957
1633 1633
3949 3949
1945 1945
302 302
2329 2329
1635 1635
1795 1795
1809 1809
1627 1627
3475 3475
3269 3269
3785 3785
1063 1063
1938 1938
1023 1023
308 308
977 977
2072 2072
1424 1424
1498 1498
4035 4035
1594 1594
3930 3930
294 294
2617 2617
638 638
391 391
2334 2334
1467 1467
1295 1295
970 970
1334 1334
3616 3616
1266 1266
1960 1960
185 185
2824 2824
1597 1597
2864 2864
1862 1862
2259 2259
2499 2499
3682 3682
838 838
2183 2183
1992 1992
985 985
244 244
988 988
2339 2339
897 897
615 615
3443 3443
2611 2611
2353 2353
9 9
2729 2729
638 638
3514 3514
1374 1374
3032 3032
1925 1925
1295 1295
332 332
3904 3904
3252 3252
2193 2193
2876 2876
2479 2479
3566 3566
3848 3848
3079 3079
114 114
3464 3464
153 153
493 493
1482 1482
3640 3640
1146 1146
1216 1216
1442 1442
1340 1340
3944 3944
3725 3725
1558 1558
3003 3003
647 647
936 936
3682 3682
2838 2838
1187 1187
367 367
816 816
2380 2380
1670 1670
687 687
1607 1607
369 369
3984 3984
817 817
3253 3253
2605 2605
3738 3738
973 973
814 814
1908 1908
3955 3955
673 673
133 133
3346 3346
3376 3376
26 26
1876 1876
501 501
2035 2035
932 932
1018 1018
1308 1308
3209 3209
1829 1829
1012 1012
936 936
785 785
558 558
2312 2312
31 31
3281 3281
1727 1727
2400 2400
3300 3300
3134 3134
250 250
3313 3313
2354 2354
2896 2896
776 776
3297 3297
3727 3727
3549 3549
2254 2254
3194 3194
1945 1945
1479 1479
160 160
3203 3203
1643 1643
1590 1590
2132 2132
1039 1039
2814 2814
1273 1273
2087 2087
1155 1155
816 816
1190 1190
2313 2313
2971 2971
636 636
694 694
2908 2908
1994 1994
1673 1673
1705 1705
3229 3229
1756 1756
873 873
3571 3571
3008 3008
1216 1216
1133 1133
3590 3590
3420 3420
590 590
2664 2664
1602 1602
1444 1444
3259 3259
190 190
2535 2535
321 321
1786 1786
1803 1803
1789 1789
3373 3373
3673 3673
762 762
2588 2588
1949 1949
2536 2536
1330 1330
2158 2158
294 294
1114 1114
1177 1177
146 146
2421 2421
1675 1675
3768 3768
788 788
2366 2366
2490 2490
2450 2450
947 947
630 630
1018 1018
1771 1771
2567 2567
2132 2132
2218 2218
3181 3181
3323 3323
2151 2151
221 221
3027 3027
1332 1332
2289 2289
259 259
2724 2724
1922 1922
2571 2571
2521 2521
2957 2957
971 971
1597 1597
423 423
1550 1550
2577 2577
3749 3749
1075 1075
1532 1532
3383 3383
1736 1736
298 298
3612 3612
665 665
1946 1946
3192 3192
1378 1378
481 481
1217 1217
2152 2152
662 662
2038 2038
3530 3530
2724 2724
2235 2235
990 990
3394 3394
1614 1614
1450 1450
3311 3311
3813 3813
1022 1022
1103 1103
42 42
1985 1985
519 519
2269 2269
1552 1552
2895 2895
2955 2955
354 354
1614 1614
47 47
720 720
3317 3317
3281 3281
3723 3723
3576 3576
2571 2571
2192 2192
476 476
1342 1342
426 426
2823 2823
250 250
1803 1803
3741 3741
638 638
904 904
2361 2361
1150 1150
1963 1963
3104 3104
1587 1587
1710 1710
3661 3661
3666 3666
3407 3407
2658 2658
2685 2685
2857 2857
2316 2316
630 630
1317 1317
2707 2707
1469 1469
1905 1905
3499 3499
1269 1269
3017 3017
1851 1851
120 120
259 259
761 761
3415 3415
1954 1954
3495 3495
3254 3254
1710 1710
1681 1681
1058 1058
2634 2634
2574 2574
907 907
29 29
76 76
1612 1612
105 105
3216 3216
1735 1735
3234 3234
2520 2520
2317 2317
1087 1087
2729 2729
1741 1741
2820 2820
1630 1630
3294 3294
1928 1928
2620 2620
2960 2960
3751 3751
300 300
1304 1304
1586 1586
1882 1882
3512 3512
3662 3662
1497 1497
936 936
948 948
514 514
2127 2127
1770 1770
2540 2540
2098 2098
3002 3002
1178 1178
2184 2184
571 571
2649 2649
853 853
821 821
2097 2097
152 152
2224 2224
1415 1415
483 483
469 469
460 460
1194 1194
476 476
1369 1369
3071 3071
1730 1730
873 873
3041 3041
3463 3463
485 485
69 69
902 902
2639 2639
1974 1974
2007 2007
380 380
1256 1256
408 408
2392 2392
3266 3266
1298 1298
803 803
2451 2451
606 606
1186 1186
1515 1515
575 575
3440 3440
3695 3695
3283 3283
2014 2014
3314 3314
1925 1925
644 644
1228 1228
2553 2553
2646 2646
2323 2323
2360 2360
3645 3645
1661 1661
3181 3181
645 645
163 163
465 465
1640 1640
232 232
498 498
266 266
589 589
2748 2748
2624 2624
689 689
2361 2361
1336 1336
1880 1880
1767 1767
533 533
2390 2390
1730 1730
2720 2720
2410 2410
3390 3390
3622 3622
1481 1481
996 996
2322 2322
3650 3650
1697 1697
2452 2452
211 211
1468 1468
654 654
1059 1059
1442 1442
1187 1187
1290 1290
2304 2304
1783 1783
405 405
450 450
779 779
1984 1984
538 538
2597 2597
2282 2282
3274 3274
639 639
2897 2897
1305 1305
2237 2237
2515 2515
1557 1557
1376 1376
2203 2203
1892 1892
496 496
316 316
765 765
2917 2917
1818 1818
3150 3150
3244 3244
457 457
2699 2699
2918 2918
1536 1536
2000 2000
274 274
1335 1335
2779 2779
2020 2020
732 732
406 406
1941 1941
2149 2149
2130 2130
3427 3427
553 553
596 596
2492 2492
1723 1723
2958 2958
3299 3299
1871 1871
1580 1580
1669 1669
2240 2240
1368 1368
219 219
1693 1693
1533 1533
1768 1768
1298 1298
3377 3377
1595 1595
2000 2000
2418 2418
2379 2379
699 699
3338 3338
2202 2202
251 251
1085 1085
2764 2764
3085 3085
2932 2932
2128 2128
1754 1754
886 886
821 821
19 19
2447 2447
2087 2087
1071 1071
2740 2740
1955 1955
224 224
2349 2349
533 533
363 363
1599 1599
634 634
1593 1593
3200 3200
1318 1318
2355 2355
2734 2734
398 398
1692 1692
527 527
2308 2308
2242 2242
2727 2727
1217 1217
3160 3160
1476 1476
306 306
2095 2095
3440 3440
1825 1825
1753 1753
878 878
1620 1620
3056 3056
3104 3104
2622 2622
177 177
1493 1493
2717 2717
193 193
2735 2735
3325 3325
3368 3368
3428 3428
1446 1446
3314 3314
2259 2259
2099 2099
2594 2594
3399 3399
2851 2851
3244 3244
713 713
3013 3013
204 204
924 924
1708 1708
2404 2404
1432 1432
1555 1555
1569 1569
1508 1508
1141 1141
2324 2324
2234 2234
1442 1442
3360 3360
2037 2037
385 385
491 491
1646 1646
3250 3250
2988 2988
3148 3148
630 630
2622 2622
2961 2961
986 986
2698 2698
1423 1423
566 566
192 192
3309 3309
1070 1070
2331 2331
1287 1287
508 508
2276 2276
358 358
1988 1988
496 496
2161 2161
59 59
3253 3253
1996 1996
2054 2054
1424 1424
879 879
2075 2075
2898 2898
980 980
3133 3133
3392 3392
40 40
704 704
1994 1994
1713 1713
1118 1118
2781 2781
2132 2132
2500 2500
2857 2857
1502 1502
1013 1013
3125 3125
2957 2957
1982 1982
966 966
1138 1138
2104 2104
1996 1996
1640 1640
2066 2066
2691 2691
2284 2284
3105 3105
918 918
3238 3238
1224 1224
2826 2826
51 51
1576 1576
735 735
2790 2790
2214 2214
1659 1659
263 263
3121 3121
3112 3112
183 183
2413 2413
1039 1039
3263 3263
575 575
3129 3129
2267 2267
2002 2002
2125 2125
1747 1747
1594 1594
281 281
3346 3346
1496 1496
2572 2572
207 207
2066 2066
2225 2225
552 552
1518 1518
1747 1747
1023 1023
2119 2119
2829 2829
750 750
1950 1950
3203 3203
2601 2601
604 604
3389 3389
1629 1629
2244 2244
565 565
1428 1428
2206 2206
655 655
1043 1043
1647 1647
16 16
1424 1424
3098 3098
1976 1976
1739 1739
108 108
2201 2201
2648 2648
1820 1820
852 852
39 39
1212 1212
2662 2662
2870 2870
1517 1517
876 876
2109 2109
819 819
370 370
1786 1786
3032 3032
2699 2699
1745 1745
1074 1074
1238 1238
438 438
1160 1160
979 979
2755 2755
1086 1086
2067 2067
2229 2229
3129 3129
1336 1336
2344 2344
2303 2303
1927 1927
1333 1333
684 684
720 720
2400 2400
1131 1131
3228 3228
1517 1517
1265 1265
2163 2163
1684 1684
1520 1520
746 746
813 813
1182 1182
2750 2750
2289 2289
1800 1800
1347 1347
948 948
1952 1952
2047 2047
231 231
676 676
3219 3219
2724 2724
1041 1041
1398 1398
2900 2900
1364 1364
2543 2543
2595 2595
2566 2566
2939 2939
1853 1853
2443 2443
2850 2850
2416 2416
2618 2618
82 82
907 907
511 511
3048 3048
1084 1084
2898 2898
190 190
4 4
1499 1499
2018 2018
540 540
1946 1946
2072 2072
1657 1657
787 787
2704 2704
1333 1333
389 389
34 34
2379 2379
102 102
2340 2340
2858 2858
1872 1872
1769 1769
23 23
1698 1698
555 555
929 929
334 334
2961 2961
962 962
428 428
530 530
2524 2524
2569 2569
2992 2992
446 446
2109 2109
922 922
2845 2845
2814 2814
2229 2229
1006 1006
2079 2079
1479 1479
2187 2187
2126 2126
2214 2214
1321 1321
771 771
674 674
2557 2557
2054 2054
1291 1291
3113 3113
1506 1506
1924 1924
2878 2878
1381 1381
1345 1345
2292 2292
1202 1202
1194 1194
47 47
421 421
755 755
1687 1687
807 807
2036 2036
2779 2779
1486 1486
3014 3014
706 706
262 262
2648 2648
3236 3236
66 66
1988 1988
1925 1925
1028 1028
2478 2478
2015 2015
1191 1191
839 839
1462 1462
291 291
847 847
2486 2486
2346 2346
1000 1000
1525 1525
1057 1057
1332 1332
1585 1585
2319 2319
2843 2843
3220 3220
2489 2489
1266 1266
511 511
1063 1063
558 558
2739 2739
2453 2453
600 600
2217 2217
86 86
11 11
3171 3171
2133 2133
681 681
2355 2355
2275 2275
429 429
424 424
3045 3045
175 175
1217 1217
1606 1606
927 927
1151 1151
366 366
1298 1298
2114 2114
328 328
2652 2652
1770 1770
1467 1467
2750 2750
1205 1205
762 762
470 470
491 491
1675 1675
868 868
1895 1895
997 997
1566 1566
1513 1513
1077 1077
1926 1926
2853 2853
394 394
744 744
1680 1680
398 398
1847 1847
966 966
2061 2061
486 486
1606 1606
197 197
1871 1871
1592 1592
91 91
2418 2418
1854 1854
1353 1353
405 405
557 557
2171 2171
2994 2994
2383 2383
2862 2862
13 13
1033 1033
459 459
773 773
608 608
1482 1482
2633 2633
512 512
814 814
2840 2840
403 403
1815 1815
1253 1253
2821 2821
2274 2274
766 766
229 229
3135 3135
2099 2099
2906 2906
2272 2272
1519 1519
3034 3034
1527 1527
1156 1156
2860 2860
1133 1133
2973 2973
111 111
2576 2576
529 529
2369 2369
1499 1499
50 50
2366 2366
1926 1926
1879 1879
1505 1505
1006 1006
3055 3055
2395 2395
2514 2514
2662 2662
105 105
2740 2740
1859 1859
891 891
69 69
669 669
866 866
813 813
750 750
666 666
383 383
2142 2142
2048 2048
2576 2576
1067 1067
2619 2619
3106 3106
1108 1108
1891 1891
2464 2464
6 6
178 178
1192 1192
2975 2975
118 118
2114 2114
605 605
1193 1193
149 149
2923 2923
823 823
386 386
710 710
2488 2488
944 944
1552 1552
924 924
2250 2250
1171 1171
948 948
216 216
2131 2131
2485 2485
1263 1263
1876 1876
2136 2136
1757 1757
2521 2521
1303 1303
1004 1004
2420 2420
988 988
2657 2657
1548 1548
2750 2750
1312 1312
1714 1714
2063 2063
2975 2975
1400 1400
2966 2966
130 130
1424 1424
2191 2191
1460 1460
344 344
2893 2893
1523 1523
828 828
3032 3032
2085 2085
236 236
462 462
2471 2471
390 390
1292 1292
2780 2780
2216 2216
1601 1601
2512 2512
1104 1104
1466 1466
931 931
613 613
890 890
1494 1494
2523 2523
159 159
458 458
2795 2795
2157 2157
2156 2156
2776 2776
1580 1580
1036 1036
2949 2949
2895 2895
56 56
2819 2819
562 562
2658 2658
880 880
1111 1111
593 593
3018 3018
521 521
2921 2921
1127 1127
516 516
1188 1188
1565 1565
2212 2212
454 454
2690 2690
1940 1940
795 795
2676 2676
2970 2970
1139 1139
1587 1587
2262 2262
1673 1673
2179 2179
917 917
2852 2852
1033 1033
2458 2458
2308 2308
2483 2483
2501 2501
1148 1148
543 543
164 164
1292 1292
1793 1793
587 587
1337 1337
365 365
1284 1284
2831 2831
1795 1795
2472 2472
1177 1177
538 538
2635 2635
339 339
743 743
2942 2942
1238 1238
1689 1689
1082 1082
295 295
172 172
2045 2045
482 482
1691 1691
1037 1037
2281 2281
1408 1408
2415 2415
606 606
1030 1030
2846 2846
904 904
2246 2246
293 293
2203 2203
2350 2350
1437 1437
1018 1018
2606 2606
1755 1755
393 393
1324 1324
687 687
2580 2580
101 101
1425 1425
2624 2624
1166 1166
2390 2390
2367 2367
1471 1471
2021 2021
2017 2017
519 519
2351 2351
1847 1847
357 357
2898 2898
2536 2536
2144 2144
2807 2807
2101 2101
2433 2433
718 718
1574 1574
893 893
1856 1856
2350 2350
274 274
1452 1452
2343 2343
277 277
2425 2425
1824 1824
1872 1872
1359 1359
2235 2235
2630 2630
1764 1764
907 907
1598 1598
1919 1919
2404 2404
1527 1527
2007 2007
1019 1019
147 147
775 775
1452 1452
1100 1100
1842 1842
226 226
1324 1324
509 509
754 754
402 402
2510 2510
2609 2609
230 230
335 335
1649 1649
1505 1505
2798 2798
2700 2700
1222 1222
452 452
143 143
1224 1224
2333 2333
2438 2438
2500 2500
692 692
457 457
471 471
862 862
2319 2319
1739 1739
718 718
2383 2383
2692 2692
1696 1696
1785 1785
139 139
1605 1605
1678 1678
1627 1627
1851 1851
82 82
1666 1666
1901 1901
432 432
746 746
620 620
565 565
1706 1706
1183 1183
2370 2370
1630 1630
2196 2196
1793 1793
1321 1321
745 745
2040 2040
1931 1931
1725 1725
1708 1708
2681 2681
319 319
1903 1903
1115 1115
169 169
518 518
2173 2173
1849 1849
2409 2409
2049 2049
1778 1778
2313 2313
584 584
480 480
731 731
20 20
150 150
1793 1793
632 632
2288 2288
2060 2060
2144 2144
2505 2505
730 730
1222 1222
919 919
1986 1986
469 469
2419 2419
1295 1295
2525 2525
1222 1222
973 973
2113 2113
1792 1792
1606 1606
1205 1205
1021 1021
2152 2152
1880 1880
1467 1467
777 777
2321 2321
1735 1735
1042 1042
666 666
1749 1749
464 464
260 260
1885 1885
751 751
972 972
1149 1149
2166 2166
173 173
1502 1502
416 416
359 359
1132 1132
2435 2435
2093 2093
1728 1728
1232 1232
902 902
50 50
920 920
2616 2616
1884 1884
285 285
2418 2418
2365 2365
2760 2760
619 619
75 75
2058 2058
2265 2265
2198 2198
1330 1330
1741 1741
1022 1022
441 441
986 986
613 613
418 418
274 274
1713 1713
1449 1449
1135 1135
911 911
2411 2411
2401 2401
1183 1183
2276 2276
606 606
1352 1352
1646 1646
1948 1948
499 499
493 493
2426 2426
1461 1461
523 523
1389 1389
2183 2183
1597 1597
2614 2614
1561 1561
346 346
1757 1757
1174 1174
1225 1225
1112 1112
1 1
2316 2316
1334 1334
2260 2260
1585 1585
2320 2320
1383 1383
624 624
1995 1995
1028 1028
1485 1485
124 124
2196 2196
2537 2537
1163 1163
225 225
1599 1599
2396 2396
458 458
2040 2040
2707 2707
1145 1145
317 317
2467 2467
979 979
2054 2054
1362 1362
1407 1407
1836 1836
648 648
1066 1066
407 407
400 400
1339 1339
38 38
1113 1113
703 703
2077 2077
2064 2064
1397 1397
865 865
1423 1423
1705 1705
800 800
449 449
1633 1633
1457 1457
2239 2239
1893 1893
929 929
479 479
1058 1058
644 644
1492 1492
496 496
1680 1680
1823 1823
1359 1359
2540 2540
1468 1468
680 680
1366 1366
2544 2544
1015 1015
843 843
1035 1035
1099 1099
801 801
339 339
751 751
1308 1308
782 782
27 27
370 370
2081 2081
867 867
2597 2597
1542 1542
247 247
743 743
1671 1671
700 700
1953 1953
234 234
703 703
156 156
635 635
144 144
1128 1128
2017 2017
1878 1878
628 628
144 144
1521 1521
1928 1928
1727 1727
1209 1209
400 400
1783 1783
592 592
723 723
2381 2381
27 27
1671 1671
2354 2354
2218 2218
1833 1833
2219 2219
1609 1609
1624 1624
734 734
2053 2053
92 92
2099 2099
1324 1324
1749 1749
2397 2397
1146 1146
2067 2067
891 891
1426 1426
2339 2339
62 62
1460 1460
425 425
2330 2330
1663 1663
1401 1401
108 108
1786 1786
2585 2585
2386 2386
195 195
1529 1529
2171 2171
880 880
2114 2114
1060 1060
2550 2550
428 428
346 346
439 439
1810 1810
862 862
1308 1308
376 376
1522 1522
552 552
1298 1298
2252 2252
67 67
2395 2395
1943 1943
619 619
395 395
1644 1644
2547 2547
367 367
62 62
956 956
2255 2255
613 613
1326 1326
1329 1329
1691 1691
194 194
1233 1233
1609 1609
1097 1097
1986 1986
2089 2089
1945 1945
1006 1006
1411 1411
734 734
580 580
1495 1495
1014 1014
635 635
1669 1669
2073 2073
195 195
966 966
428 428
342 342
1368 1368
588 588
414 414
2193 2193
1138 1138
873 873
1264 1264
731 731
2237 2237
2504 2504
1861 1861
1005 1005
695 695
391 391
2270 2270
2184 2184
169 169
668 668
1452 1452
1208 1208
1948 1948
1143 1143
1758 1758
2186 2186
1396 1396
82 82
1886 1886
486 486
2263 2263
10 10
1580 1580
861 861
1302 1302
1356 1356
2286 2286
1408 1408
1889 1889
936 936
1650 1650
369 369
2290 2290
1602 1602
2014 2014
713 713
1642 1642
2442 2442
297 297
566 566
1554 1554
1339 1339
2130 2130
1778 1778
930 930
970 970
766 766
929 929
700 700
2401 2401
443 443
496 496
32 32
2000 2000
1633 1633
810 810
1857 1857
138 138
1297 1297
2381 2381
1118 1118
1752 1752
1896 1896
2396 2396
280 280
180 180
27 27
32 32
2418 2418
858 858
382 382
2015 2015
915 915
386 386
159 159
2267 2267
1621 1621
818 818
1293 1293
1064 1064
1664 1664
1865 1865
1255 1255
2141 2141
1967 1967
34 34
1465 1465
604 604
548 548
1300 1300
998 998
1200 1200
231 231
268 268
563 563
565 565
267 267
225 225
200 200
971 971
231 231
1603 1603
1351 1351
1336 1336
2313 2313
554 554
91 91
780 780
2421 2421
2033 2033
95 95
2 2
1402 1402
2058 2058
611 611
2210 2210
474 474
1304 1304
1664 1664
1439 1439
1833 1833
1469 1469
1595 1595
2150 2150
1790 1790
1805 1805
176 176
1180 1180
2172 2172
498 498
972 972
1605 1605
816 816
1652 1652
164 164
1866 1866
845 845
1360 1360
852 852
437 437
418 418
20 20
2214 2214
243 243
500 500
1636 1636
1655 1655
99 99
1642 1642
2205 2205
1390 1390
584 584
2387 2387
2322 2322
1613 1613
1532 1532
129 129
2084 2084
235 235
1632 1632
321 321
10 10
1121 1121
1409 1409
1263 1263
60 60
1723 1723
535 535
1681 1681
959 959
588 588
229 229
1596 1596
855 855
1171 1171
1451 1451
2200 2200
364 364
2202 2202
1293 1293
1647 1647
1024 1024
2193 2193
8 8
1082 1082
2095 2095
699 699
644 644
2017 2017
1238 1238
489 489
1738 1738
1803 1803
2305 2305
1523 1523
259 259
819 819
226 226
876 876
853 853
1014 1014
311 311
55 55
1166 1166
1411 1411
2019 2019
168 168
321 321
1025 1025
1507 1507
1955 1955
1729 1729
2113 2113
622 622
1703 1703
307 307
1186 1186
239 239
439 439
1082 1082
2079 2079
2196 2196
2112 2112
2228 2228
1734 1734
1170 1170
1900 1900
1740 1740
123 123
1691 1691
775 775
1455 1455
1473 1473
2193 2193
610 610
891 891
1079 1079
704 704
232 232
31 31
726 726
1473 1473
28 28
423 423
417 417
2250 2250
824 824
1979 1979
1623 1623
1146 1146
2120 2120
396 396
1897 1897
898 898
271 271
1128 1128
238 238
1720 1720
1578 1578
2165 2165
369 369
248 248
702 702
1210 1210
1756 1756
532 532
1373 1373
1676 1676
503 503
1246 1246
1181 1181
931 931
1553 1553
658 658
3 3
1025 1025
1869 1869
1906 1906
2152 2152
2030 2030
1256 1256
1222 1222
1525 1525
260 260
1473 1473
915 915
1770 1770
1271 1271
659 659
1298 1298
1599 1599
199 199
2228 2228
387 387
2077 2077
1503 1503
1356 1356
2 2
985 985
1919 1919
1637 1637
1237 1237
1438 1438
947 947
2228 2228
2069 2069
1638 1638
1272 1272
558 558
94 94
1131 1131
1334 1334
731 731
797 797
1512 1512
1549 1549
917 917
394 394
1590 1590
2009 2009
2013 2013
1358 1358
1863 1863
1739 1739
35 35
953 953
198 198
1156 1156
1306 1306
1290 1290
894 894
793 793
416 416
1649 1649
887 887
1129 1129
1017 1017
1076 1076
436 436
1060 1060
580 580
251 251
139 139
1588 1588
227 227
281 281
439 439
330 330
1575 1575
274 274
791 791
136 136
840 840
341 341
31 31
2094 2094
752 752
924 924
479 479
121 121
236 236
1655 1655
542 542
102 102
200 200
800 800
2093 2093
1736 1736
1790 1790
8 8
352 352
1120 1120
2079 2079
1310 1310
2040 2040
286 286
856 856
720 720
150 150
1752 1752
645 645
1778 1778
984 984
2094 2094
2088 2088
705 705
1559 1559
1698 1698
706 706
545 545
56 56
705 705
267 267
814 814
421 421
2098 2098
2141 2141
1127 1127
1892 1892
2037 2037
597 597
1879 1879
1850 1850
110 110
880 880
1734 1734
1998 1998
1409 1409
1330 1330
1137 1137
1696 1696
503 503
1521 1521
221 221
715 715
2099 2099
2045 2045
1934 1934
1232 1232
1238 1238
280 280
672 672
521 521
1826 1826
643 643
1992 1992
1185 1185
1797 1797
159 159
773 773
1391 1391
1014 1014
129 129
1502 1502
1810 1810
533 533
373 373
414 414
919 919
213 213
1413 1413
41 41
1986 1986
1497 1497
361 361
1195 1195
613 613
1140 1140
1631 1631
1122 1122
532 532
418 418
1476 1476
1216 1216
1244 1244
1678 1678
1721 1721
1449 1449
1329 1329
1464 1464
462 462
1750 1750
840 840
1434 1434
401 401
885 885
574 574
758 758
1471 1471
777 777
153 153
246 246
108 108
185 185
1964 1964
1502 1502
574 574
1264 1264
1838 1838
607 607
2 2
901 901
1733 1733
1686 1686
1013 1013
1707 1707
1433 1433
137 137
675 675
1540 1540
659 659
964 964
42 42
1105 1105
702 702
2018 2018
1727 1727
1448 1448
665 665
1190 1190
182 182
442 442
964 964
12 12
849 849
903 903
853 853
1886 1886
881 881
1627 1627
1103 1103
427 427
346 346
947 947
1891 1891
1518 1518
603 603
422 422
1020 1020
1893 1893
1650 1650
761 761
1736 1736
1914 1914
1491 1491
2003 2003
443 443
488 488
421 421
1042 1042
718 718
1958 1958
458 458
639 639
800 800
451 451
411 411
776 776
172 172
546 546
880 880
832 832
1272 1272
1853 1853
1535 1535
1278 1278
814 814
1518 1518
381 381
193 193
355 355
1318 1318
1387 1387
508 508
1860 1860
268 268
1129 1129
91 91
1332 1332
88 88
881 881
413 413
1477 1477
1922 1922
564 564
1937 1937
83 83
383 383
754 754
87 87
1311 1311
520 520
301 301
212 212
1066 1066
1350 1350
1850 1850
482 482
1018 1018
705 705
141 141
1817 1817
1692 1692
431 431
368 368
1381 1381
947 947
696 696
1292 1292
1886 1886
1435 1435
1214 1214
1617 1617
3 3
69 69
1362 1362
1866 1866
1326 1326
1361 1361
641 641
1226 1226
266 266
543 543
1024 1024
630 630
20 20
431 431
1222 1222
777 777
1519 1519
1876 1876
1919 1919
522 522
1533 1533
333 333
702 702
26 26
529 529
1327 1327
1489 1489
1372 1372
1000 1000
139 139
1165 1165
1351 1351
569 569
1887 1887
1900 1900
1293 1293
18 18
1618 1618
1779 1779
1610 1610
1504 1504
1495 1495
611 611
77 77
633 633
980 980
1514 1514
1561 1561
747 747
1014 1014
725 725
1379 1379
1081 1081
458 458
1782 1782
326 326
1050 1050
290 290
1195 1195
569 569
1118 1118
508 508
1302 1302
1826 1826
568 568
889 889
8 8
1293 1293
1009 1009
516 516
912 912
244 244
37 37
107 107
314 314
592 592
1866 1866
1679 1679
802 802
1106 1106
37 37
1179 1179
1266 1266
370 370
1611 1611
1597 1597
1797 1797
1294 1294
1599 1599
963 963
1360 1360
451 451
1403 1403
977 977
515 515
1661 1661
772 772
289 289
1772 1772
570 570
1097 1097
1175 1175
216 216
1819 1819
1549 1549
269 269
916 916
113 113
63 63
587 587
1008 1008
1688 1688
417 417
1273 1273
940 940
1542 1542
45 45
1784 1784
587 587
1223 1223
795 795
1180 1180
1512 1512
282 282
629 629
1784 1784
1586 1586
1662 1662
11 11
415 415
240 240
1540 1540
591 591
219 219
228 228
1367 1367
1179 1179
1349 1349
1784 1784
670 670
389 389
1742 1742
1651 1651
915 915
788 788
218 218
773 773
910 910
395 395
345 345
67 67
966 966
426 426
1754 1754
1115 1115
94 94
837 837
1006 1006
1258 1258
1619 1619
1684 1684
1764 1764
669 669
300 300
1084 1084
1296 1296
618 618
1600 1600
1322 1322
1428 1428
61 61
729 729
1505 1505
29 29
1045 1045
1331 1331
1273 1273
594 594
260 260
1660 1660
587 587
186 186
411 411
789 789
1066 1066
1219 1219
1579 1579
111 111
905 905
1187 1187
588 588
1226 1226
1401 1401
723 723
1285 1285
1672 1672
856 856
326 326
741 741
1114 1114
960 960
1367 1367
1191 1191
1024 1024
284 284
868 868
1020 1020
1020 1020
1305 1305
77 77
1118 1118
1063 1063
136 136
945 945
1444 1444
909 909
375 375
23 23
1097 1097
1197 1197
1386 1386
252 252
827 827
1569 1569
1657 1657
356 356
621 621
1081 1081
651 651
877 877
1281 1281
1104 1104
1106 1106
806 806
802 802
1284 1284
508 508
684 684
915 915
846 846
313 313
763 763
1476 1476
711 711
811 811
1300 1300
1455 1455
703 703
710 710
6 6
1123 1123
1272 1272
1396 1396
235 235
890 890
526 526
785 785
1533 1533
1337 1337
743 743
414 414
817 817
1306 1306
1332 1332
190 190
1556 1556
1422 1422
534 534
941 941
1314 1314
1145 1145
793 793
441 441
1232 1232
1018 1018
403 403
947 947
221 221
675 675
733 733
101 101
830 830
688 688
175 175
1302 1302
323 323
1553 1553
148 148
1551 1551
100 100
471 471
202 202
161 161
302 302
877 877
1645 1645
4 4
1526 1526
1019 1019
148 148
342 342
1156 1156
464 464
233 233
756 756
579 579
1213 1213
781 781
605 605
482 482
596 596
880 880
110 110
159 159
868 868
820 820
378 378
174 174
1552 1552
958 958
1475 1475
1316 1316
614 614
51 51
646 646
350 350
1093 1093
1059 1059
1593 1593
340 340
117 117
1392 1392
1476 1476
1543 1543
522 522
538 538
530 530
1546 1546
728 728
1340 1340
436 436
441 441
913 913
673 673
293 293
388 388
147 147
614 614
514 514
556 556
1287 1287
1470 1470
1503 1503
300 300
552 552
384 384
832 832
1417 1417
351 351
46 46
212 212
1529 1529
587 587
1240 1240
697 697
1141 1141
460 460
1284 1284
965 965
14 14
784 784
359 359
1290 1290
1198 1198
19 19
1198 1198
136 136
307 307
664 664
1189 1189
1026 1026
1076 1076
512 512
1202 1202
295 295
804 804
1276 1276
770 770
685 685
1117 1117
836 836
426 426
629 629
796 796
1205 1205
622 622
999 999
735 735
1198 1198
1243 1243
884 884
181 181
1459 1459
1072 1072
1214 1214
281 281
434 434
1292 1292
1017 1017
1047 1047
959 959
1489 1489
994 994
804 804
456 456
356 356
810 810
41 41
71 71
217 217
713 713
1272 1272
113 113
978 978
98 98
1515 1515
525 525
144 144
1343 1343
1129 1129
1339 1339
180 180
1196 1196
77 77
488 488
38 38
375 375
500 500
307 307
1272 1272
451 451
662 662
1451 1451
1130 1130
491 491
283 283
601 601
270 270
623 623
940 940
649 649
1253 1253
830 830
1418 1418
555 555
288 288
463 463
596 596
489 489
944 944
229 229
304 304
784 784
17 17
851 851
1280 1280
1183 1183
208 208
1470 1470
589 589
288 288
540 540
1208 1208
662 662
373 373
816 816
58 58
501 501
539 539
598 598
1084 1084
871 871
1326 1326
1111 1111
1155 1155
511 511
620 620
363 363
987 987
265 265
73 73
1420 1420
199 199
548 548
553 553
723 723
486 486
708 708
140 140
800 800
497 497
82 82
689 689
1245 1245
1212 1212
57 57
583 583
419 419
779 779
213 213
1162 1162
987 987
479 479
326 326
611 611
373 373
1381 1381
1015 1015
1179 1179
23 23
485 485
785 785
673 673
309 309
402 402
634 634
836 836
506 506
227 227
477 477
1240 1240
1261 1261
611 611
1373 1373
1395 1395
500 500
846 846
279 279
633 633
195 195
908 908
351 351
688 688
1124 1124
300 300
289 289
300 300
112 112
946 946
634 634
261 261
132 132
1149 1149
1225 1225
262 262
1116 1116
988 988
1306 1306
160 160
174 174
525 525
1263 1263
815 815
583 583
1337 1337
1256 1256
555 555
175 175
494 494
1307 1307
799 799
144 144
993 993
44 44
230 230
879 879
497 497
753 753
1032 1032
208 208
956 956
96 96
945 945
469 469
659 659
255 255
838 838
1087 1087
927 927
209 209
870 870
247 247
293 293
9 9
1066 1066
685 685
425 425
229 229
204 204
67 67
641 641
743 743
413 413
1034 1034
379 379
1174 1174
528 528
630 630
950 950
1315 1315
954 954
533 533
736 736
893 893
174 174
512 512
188 188
386 386
829 829
1104 1104
305 305
1315 1315
1094 1094
205 205
1245 1245
407 407
217 217
377 377
171 171
832 832
1211 1211
333 333
941 941
594 594
816 816
433 433
1034 1034
1086 1086
342 342
1167 1167
546 546
61 61
1257 1257
424 424
872 872
473 473
644 644
280 280
400 400
505 505
418 418
381 381
12 12
373 373
717 717
1228 1228
684 684
1022 1022
721 721
178 178
837 837
1039 1039
991 991
1119 1119
1034 1034
1168 1168
545 545
389 389
899 899
358 358
239 239
124 124
779 779
139 139
682 682
1271 1271
530 530
878 878
903 903
973 973
957 957
106 106
895 895
1176 1176
673 673
1129 1129
1239 1239
60 60
975 975
392 392
244 244
703 703
620 620
1170 1170
715 715
78 78
1224 1224
969 969
137 137
774 774
719 719
1133 1133
1041 1041
299 299
599 599
907 907
1044 1044
467 467
24 24
618 618
935 935
883 883
946 946
686 686
1056 1056
559 559
839 839
1192 1192
24 24
565 565
1147 1147
623 623
845 845
1146 1146
1160 1160
459 459
664 664
215 215
766 766
601 601
532 532
1012 1012
13 13
495 495
86 86
323 323
708 708
784 784
1089 1089
964 964
1044 1044
1141 1141
679 679
410 410
71 71
272 272
707 707
980 980
416 416
798 798
206 206
951 951
4 4
423 423
654 654
162 162
1027 1027
216 216
342 342
424 424
748 748
1156 1156
751 751
1007 1007
959 959
595 595
255 255
271 271
606 606
769 769
209 209
682 682
212 212
563 563
613 613
697 697
399 399
1136 1136
35 35
453 453
446 446
372 372
354 354
474 474
1061 1061
148 148
1073 1073
990 990
161 161
887 887
642 642
674 674
1088 1088
972 972
380 380
663 663
768 768
719 719
879 879
637 637
57 57
414 414
1130 1130
590 590
9 9
536 536
528 528
494 494
300 300
1120 1120
195 195
547 547
589 589
394 394
220 220
1006 1006
347 347
234 234
571 571
792 792
1111 1111
457 457
1056 1056
401 401
701 701
1108 1108
969 969
972 972
1106 1106
638 638
1066 1066
175 175
1078 1078
372 372
348 348
446 446
148 148
510 510
78 78
156 156
404 404
352 352
197 197
431 431
932 932
885 885
712 712
1052 1052
453 453
19 19
478 478
903 903
104 104
1061 1061
768 768
130 130
116 116
686 686
986 986
622 622
308 308
124 124
1028 1028
419 419
194 194
92 92
244 244
411 411
994 994
197 197
218 218
135 135
197 197
281 281
957 957
151 151
852 852
227 227
838 838
810 810
262 262
900 900
719 719
794 794
648 648
897 897
724 724
367 367
715 715
131 131
1042 1042
828 828
22 22
610 610
918 918
799 799
530 530
686 686
6 6
13 13
1009 1009
77 77
158 158
491 491
324 324
1038 1038
812 812
477 477
138 138
989 989
492 492
777 777
118 118
267 267
1008 1008
827 827
182 182
275 275
415 415
277 277
686 686
469 469
745 745
120 120
849 849
678 678
959 959
385 385
285 285
42 42
981 981
788 788
745 745
248 248
93 93
483 483
510 510
1009 1009
77 77
991 991
8 8
561 561
967 967
533 533
989 989
697 697
243 243
401 401
671 671
359 359
177 177
241 241
496 496
624 624
545 545
865 865
765 765
889 889
278 278
560 560
429 429
128 128
853 853
529 529
9 9
476 476
377 377
841 841
268 268
775 775
914 914
751 751
813 813
296 296
281 281
578 578
60 60
824 824
126 126
780 780
294 294
317 317
624 624
189 189
86 86
212 212
331 331
311 311
304 304
215 215
130 130
59 59
738 738
763 763
461 461
274 274
795 795
289 289
314 314
660 660
611 611
895 895
421 421
843 843
388 388
228 228
775 775
408 408
733 733
174 174
916 916
907 907
465 465
923 923
690 690
518 518
150 150
457 457
866 866
538 538
18 18
733 733
383 383
880 880
352 352
586 586
11 11
248 248
393 393
687 687
251 251
456 456
15 15
709 709
82 82
789 789
236 236
10 10
431 431
151 151
11 11
423 423
602 602
592 592
753 753
901 901
265 265
613 613
32 32
312 312
595 595
42 42
270 270
631 631
80 80
289 289
565 565
97 97
115 115
811 811
178 178
134 134
646 646
629 629
54 54
758 758
30 30
139 139
678 678
530 530
340 340
11 11
674 674
839 839
279 279
546 546
451 451
783 783
758 758
336 336
830 830
99 99
755 755
455 455
417 417
858 858
567 567
88 88
268 268
348 348
830 830
51 51
40 40
792 792
23 23
327 327
598 598
263 263
820 820
590 590
289 289
427 427
595 595
612 612
711 711
800 800
74 74
120 120
547 547
377 377
426 426
324 324
347 347
587 587
824 824
401 401
96 96
124 124
796 796
443 443
198 198
125 125
543 543
345 345
51 51
557 557
667 667
9 9
261 261
220 220
4 4
111 111
786 786
126 126
26 26
438 438
493 493
467 467
609 609
740 740
34 34
495 495
514 514
50 50
364 364
520 520
317 317
744 744
266 266
83 83
132 132
152 152
490 490
47 47
188 188
147 147
406 406
741 741
152 152
669 669
458 458
61 61
597 597
556 556
129 129
183 183
688 688
733 733
530 530
44 44
444 444
85 85
351 351
767 767
96 96
604 604
64 64
54 54
514 514
428 428
304 304
12 12
144 144
126 126
8 8
87 87
526 526
570 570
437 437
562 562
617 617
730 730
181 181
252 252
334 334
631 631
552 552
1 1
611 611
721 721
151 151
438 438
440 440
402 402
591 591
49 49
696 696
131 131
443 443
171 171
736 736
285 285
668 668
529 529
456 456
588 588
487 487
345 345
443 443
302 302
371 371
654 654
648 648
388 388
481 481
66 66
139 139
350 350
192 192
316 316
65 65
618 618
16 16
511 511
167 167
45 45
478 478
395 395
682 682
204 204
272 272
419 419
511 511
507 507
147 147
579 579
17 17
436 436
328 328
330 330
343 343
407 407
539 539
441 441
453 453
43 43
492 492
282 282
438 438
595 595
78 78
5 5
383 383
152 152
544 544
279 279
12 12
149 149
38 38
407 407
295 295
349 349
645 645
517 517
373 373
486 486
143 143
558 558
545 545
444 444
43 43
545 545
357 357
46 46
565 565
153 153
431 431
203 203
8 8
304 304
590 590
372 372
440 440
30 30
226 226
524 524
160 160
522 522
403 403
242 242
208 208
3 3
121 121
115 115
561 561
79 79
194 194
638 638
190 190
17 17
469 469
138 138
334 334
506 506
554 554
121 121
613 613
86 86
24 24
595 595
172 172
87 87
42 42
67 67
115 115
34 34
32 32
192 192
294 294
388 388
405 405
603 603
393 393
377 377
323 323
291 291
188 188
226 226
575 575
483 483
325 325
282 282
10 10
28 28
528 528
407 407
530 530
57 57
226 226
294 294
138 138
41 41
203 203
52 52
299 299
62 62
127 127
321 321
204 204
569 569
262 262
547 547
227 227
210 210
239 239
5 5
540 540
15 15
146 146
22 22
574 574
53 53
204 204
230 230
70 70
460 460
430 430
542 542
437 437
278 278
360 360
121 121
206 206
264 264
280 280
275 275
387 387
311 311
294 294
402 402
425 425
495 495
516 516
193 193
465 465
86 86
268 268
271 271
295 295
472 472
332 332
371 371
327 327
180 180
530 530
329 329
74 74
505 505
436 436
140 140
264 264
88 88
419 419
163 163
35 35
348 348
55 55
378 378
189 189
252 252
483 483
39 39
189 189
138 138
273 273
231 231
375 375
430 430
281 281
501 501
380 380
403 403
313 313
61 61
30 30
32 32
234 234
28 28
260 260
262 262
445 445
300 300
152 152
56 56
232 232
348 348
148 148
369 369
231 231
63 63
70 70
126 126
458 458
47 47
268 268
310 310
171 171
163 163
413 413
180 180
270 270
397 397
321 321
90 90
382 382
240 240
473 473
409 409
292 292
155 155
241 241
21 21
78 78
298 298
242 242
148 148
117 117
218 218
257 257
338 338
285 285
323 323
125 125
270 270
226 226
66 66
441 441
355 355
396 396
336 336
158 158
39 39
442 442
399 399
165 165
442 442
236 236
46 46
268 268
62 62
76 76
255 255
90 90
124 124
364 364
322 322
127 127
149 149
339 339
349 349
173 173
265 265
318 318
203 203
266 266
394 394
413 413
429 429
317 317
253 253
92 92
324 324
120 120
110 110
272 272
93 93
140 140
252 252
82 82
290 290
79 79
81 81
380 380
194 194
71 71
169 169
278 278
166 166
390 390
99 99
343 343
29 29
112 112
85 85
288 288
213 213
7 7
36 36
390 390
338 338
67 67
264 264
88 88
45 45
10 10
179 179
15 15
11 11
212 212
106 106
271 271
44 44
174 174
145 145
152 152
189 189
302 302
363 363
22 22
205 205
252 252
62 62
104 104
54 54
185 185
62 62
85 85
258 258
73 73
234 234
3 3
220 220
343 343
160 160
12 12
135 135
130 130
229 229
83 83
43 43
148 148
297 297
112 112
265 265
20 20
286 286
207 207
82 82
263 263
249 249
168 168
346 346
179 179
231 231
64 64
282 282
286 286
4 4
209 209
251 251
65 65
318 318
289 289
323 323
252 252
329 329
28 28
144 144
126 126
276 276
9 9
83 83
10 10
266 266
127 127
179 179
263 263
24 24
74 74
242 242
71 71
185 185
273 273
235 235
89 89
84 84
235 235
75 75
234 234
263 263
90 90
124 124
14 14
46 46
202 202
32 32
185 185
31 31
280 280
234 234
264 264
111 111
52 52
195 195
58 58
171 171
96 96
270 270
83 83
63 63
153 153
233 233
93 93
89 89
19 19
159 159
59 59
54 54
149 149
103 103
36 36
254 254
71 71
126 126
175 175
140 140
114 114
41 41
48 48
142 142
168 168
57 57
68 68
96 96
153 153
205 205
132 132
61 61
153 153
82 82
48 48
211 211
67 67
164 164
35 35
175 175
94 94
43 43
153 153
173 173
22 22
114 114
158 158
171 171
80 80
52 52
71 71
22 22
72 72
171 171
161 161
70 70
162 162
178 178
140 140
126 126
134 134
129 129
65 65
225 225
94 94
213 213
85 85
52 52
78 78
61 61
179 179
57 57
139 139
87 87
13 13
81 81
53 53
162 162
28 28
165 165
163 163
132 132
202 202
45 45
114 114
104 104
28 28
184 184
22 22
91 91
65 65
96 96
27 27
37 37
39 39
149 149
70 70
152 152
45 45
2 2
147 147
55 55
98 98
37 37
95 95
3 3
47 47
27 27
19 19
97 97
68 68
156 156
23 23
128 128
14 14
130 130
139 139
9 9
74 74
74 74
18 18
47 47
39 39
64 64
5 5
147 147
83 83
86 86
80 80
43 43
83 83
29 29
54 54
20 20
60 60
102 102
90 90
109 109
123 123
137 137
61 61
115 115
63 63
56 56
61 61
124 124
123 123
83 83
121 121
78 78
7 7
105 105
92 92
2 2
115 115
5 5
74 74
129 129
123 123
28 28
108 108
19 19
34 34
101 101
53 53
57 57
69 69
27 27
118 118
100 100
33 33
44 44
62 62
24 24
86 86
85 85
46 46
43 43
111 111
18 18
49 49
80 80
106 106
97 97
12 12
100 100
7 7
94 94
92 92
7 7
70 70
72 72
16 16
26 26
78 78
90 90
41 41
68 68
88 88
14 14
24 24
31 31
78 78
28 28
14 14
42 42
31 31
18 18
57 57
22 22
47 47
13 13
30 30
31 31
20 20
74 74
40 40
59 59
14 14
21 21
10 10
67 67
37 37
60 60
38 38
54 54
17 17
60 60
47 47
10 10
32 32
21 21
5 5
36 36
52 52
41 41
14 14
17 17
47 47
49 49
26 26
11 11
16 16
22 22
14 14
20 20
42 42
32 32
13 13
5 5
1 1
25 25
30 30
37 37
5 5
5 5
25 25
27 27
19 19
11 11
17 17
21 21
19 19
6 6
14 14
9 9
25 25
12 12
22 22
17 17
14 14
9 9
17 17
15 15
15 15
11 11
13 13
5 5
9 9
7 7
8 8
10 10
1 1
2 2
7 7
5 5
4 4
4 4
1 1
1 1
1 1
