100 100 4980
18 39
20 41
5 71
7 67
25 83
33 92
8 86
84 92
61 63
69 96
30 31
77 85
93 98
29 52
12 49
27 79
67 74
86 97
2 60
38 83
5 36
74 75
27 96
14 59
5 94
8 17
43 60
79 83
42 82
39 92
13 65
27 54
20 82
19 54
11 90
5 53
18 40
58 63
77 100
3 6
40 44
24 71
56 70
41 54
7 37
16 21
14 31
41 66
50 98
45 49
19 93
18 26
46 78
50 60
76 85
21 40
23 51
55 95
22 49
75 88
10 38
47 60
40 55
6 83
46 52
19 48
76 96
46 78
7 44
69 73
27 100
36 96
25 36
62 65
24 77
47 60
4 72
22 39
55 97
55 96
42 57
4 8
49 82
42 81
32 79
53 71
13 31
29 99
43 57
74 75
39 39
11 21
11 25
19 65
33 81
69 84
60 74
32 94
17 29
45 87
