100 100 3465
28 28
13 13
1 1
29 29
8 8
32 32
91 91
18 18
34 34
23 23
10 10
16 16
29 29
13 13
73 73
9 9
47 47
65 65
1 1
3 3
26 26
82 82
45 45
2 2
7 7
40 40
2 2
64 64
53 53
4 4
59 59
21 21
28 28
54 54
23 23
50 50
20 20
58 58
22 22
38 38
22 22
19 19
37 37
11 11
85 85
27 27
17 17
84 84
9 9
11 11
44 44
22 22
10 10
58 58
16 16
71 71
95 95
39 39
5 5
41 41
28 28
68 68
12 12
37 37
29 29
26 26
29 29
83 83
7 7
20 20
10 10
35 35
12 12
8 8
75 75
91 91
32 32
40 40
16 16
36 36
48 48
13 13
25 25
8 8
77 77
87 87
14 14
20 20
70 70
50 50
62 62
16 16
28 28
50 50
72 72
58 58
19 19
41 41
19 19
30 30
