5
1919 1919
955 1016
1719 1776
829 1605
14 644
1874 903
98 178
873 1550
1845 172
1378 264
1260 483
1885 1765
290 1434
885 92
658 1844
510 899
397 1639
1434 1600
671 1620
935 605
1536 1883
1391 815
1145 919
1015 1216
1549 539
926 1885
1623 244
172 1762
275 1559
1147 724
1443 1418
933 801
1055 1057
1076 474
102 96
1108 553
1491 1739
1499 938
1222 1214
163 156
849 979
816 1743
34 1438
494 995
1736 7
1914 287
1487 1235
787 462
712 202
446 1206
370 1292
560 1852
1310 1047
1639 88
1817 14
1270 1140
1865 1550
1082 1102
1232 1682
1099 638
743 1200
1411 1630
358 1404
804 366
365 1691
627 260
1388 1146
1702 404
1027 11
1117 1871
1597 1750
878 1614
660 556
381 453
1273 547
1489 591
1299 293
1022 388
895 1899
1228 402
1052 672
1435 1548
1310 1343
108 837
1747 1517
18 71
1489 1134
696 1424
438 1756
338 1782
1252 1287
914 1915
1905 154
7 1882
173 1725
1129 438
386 1662
338 1319
1257 988
1339 367
464 1438
116 937
1057 1910
390 933
1432 1107
694 698
659 1466
27 1128
1069 372
1514 1119
1335 1309
1373 550
463 617
667 438
1472 961
754 1412
626 1897
854 973
935 430
739 1818
736 602
866 444
8 1814
478 1503
756 1716
715 1391
203 1020
1528 801
368 1309
1581 1893
1160 890
1278 551
930 1415
1442 774
1458 813
350 1644
1384 1534
341 456
230 975
503 1262
390 996
1911 1114
678 998
821 1317
1632 257
1560 1115
831 769
984 1871
1487 801
117 1789
250 1587
1 1901
466 805
512 62
453 1358
1009 1176
51 1425
256 1261
535 89
981 90
1352 1707
88 660
1688 1400
1279 1675
677 1036
1816 1819
1204 1135
1485 1049
883 1191
1719 841
1441 1081
540 1658
1590 1447
1513 1371
894 682
1880 1497
748 1890
1605 521
100 662
287 1898
1614 851
851 521
231 1651
248 1804
209 1645
176 904
1744 557
1609 678
85 711
932 115
1871 254
1343 735
339 1130
1237 1813
1917 511
1897 1755
1610 941
1082 1897
1785 1818
896 1771
909 787
1532 1907
38 1220
1785 1449
62 1807
678 807
1918 390
1247 712
349 1116
452 1062
1455 1799
1369 574
77 1071
1581 1410
598 345
51 1298
1009 101
1718 1909
670 1494
934 732
888 862
1740 785
1749 958
1220 1558
1564 609
1103 61
396 592
1759 1153
577 1807
1230 844
295 822
1582 1126
1557 155
1187 1849
342 296
1313 597
230 1272
793 1103
1142 1884
1623 449
265 1335
1744 1342
1670 1115
1458 1707
416 477
180 1403
842 1098
868 449
348 611
198 193
881 14
1115 970
910 856
294 1118
337 958
474 1000
175 837
1081 1591
1042 460
596 14
1095 1566
624 1247
842 28
422 1644
1600 1432
1467 1868
189 1254
673 905
1654 1826
1147 1080
850 1230
623 1365
1369 929
945 1634
1524 86
730 143
776 1792
860 83
106 1058
382 997
573 682
1646 758
1101 1587
26 837
9 449
413 934
120 1629
378 295
1646 851
1482 667
761 1341
1283 1872
1254 1325
1665 1695
246 188
1343 1577
177 542
1687 1652
1799 876
1591 1120
528 1740
253 870
840 1101
1496 1658
924 748
202 262
1070 1191
1347 296
1588 1110
901 232
1119 544
1728 1480
1851 360
761 252
1460 772
1228 1186
1082 329
576 781
152 1730
738 1246
1393 733
721 1041
638 1860
78 60
433 1019
407 1671
1866 1585
372 674
141 1833
1614 1823
1652 132
1303 763
1000 526
279 1853
1628 966
168 656
1532 648
995 1448
541 1123
232 1601
1285 203
1303 1172
1026 1802
394 1074
282 1367
1804 180
760 604
1853 1867
109 25
647 177
372 1087
1141 1417
341 653
1320 4
801 599
1673 867
1420 717
56 1394
1033 512
1832 1046
1492 1225
1157 924
583 1056
837 1519
440 1262
1701 1880
351 1883
1005 1742
1009 1391
1169 1513
722 46
408 208
1013 244
885 459
1033 1491
1009 1583
366 376
269 975
1436 15
713 564
870 276
1145 266
318 1099
736 1428
596 1916
1865 195
961 81
1309 1695
1364 701
548 1537
1751 1659
296 485
827 554
1574 1312
636 1588
74 1233
1461 1004
382 966
963 400
1732 1399
1586 291
1196 1710
1120 1478
176 30
1561 1494
635 836
1820 1516
1872 1364
1335 950
27 1504
214 343
1356 510
1789 59
1894 1703
439 282
366 790
1118 995
1192 1034
106 552
830 470
1889 139
504 164
9 626
1797 590
528 1252
1721 1580
313 517
937 65
246 619
9 1463
1185 1406
1281 1326
1566 251
701 479
312 1390
361 324
1388 1607
50 482
711 498
220 1434
1712 727
1321 1864
1424 470
1550 301
519 1501
585 1068
359 1832
85 1548
1551 512
236 843
372 774
1909 231
1533 1419
1132 964
837 1405
483 1468
701 1761
285 834
510 1821
1313 826
1822 791
754 872
778 878
279 1562
713 48
721 420
1895 848
1396 833
313 1748
1480 1461
122 961
267 372
338 856
411 1243
496 215
1768 1170
1278 1233
1417 1454
536 290
918 180
665 1333
1484 1598
1506 581
1439 1296
754 1876
1546 213
1191 1919
299 935
374 1472
1431 803
1917 929
565 339
1024 1198
1485 513
1135 972
1811 1711
1422 1352
1839 127
1695 1763
1044 1317
1219 581
1298 1081
1731 486
981 192
1277 253
839 62
1034 1778
58 321
1446 709
1023 1348
1308 572
749 780
1158 1154
995 1178
390 1181
1615 954
810 641
1156 983
1821 1907
1340 465
1850 550
701 543
1762 1484
740 1756
896 372
1852 1654
1271 1447
688 323
958 1077
143 1540
9 931
1894 84
221 1138
583 412
1866 1219
649 113
1777 834
17 1103
409 1814
912 1042
1387 1255
1725 1894
1203 555
1017 632
1135 1160
1061 826
1487 1511
70 1137
93 1251
126 872
592 23
1260 1173
106 626
1234 1379
1741 152
915 255
946 190
1814 1197
1182 1076
405 526
1584 454
1546 962
1029 194
653 1614
141 562
1601 153
389 1733
798 1570
1081 373
1072 1278
1901 177
682 1082
1730 1055
1749 613
1335 418
1185 82
1377 144
498 663
270 220
1596 1175
1865 1565
1563 1426
1043 328
347 981
1112 773
398 1641
1730 979
1813 483
1775 1078
1309 458
195 704
39 1395
1492 1505
288 305
1660 1464
1117 1006
1461 98
539 699
201 732
910 1211
66 1832
25 1629
1532 284
1159 618
630 1199
1453 1340
1778 1010
1177 1238
481 1541
950 701
241 1796
537 9
1730 453
687 1081
899 635
542 1309
718 929
174 1115
751 729
312 199
83 920
1355 40
1669 1102
242 518
1698 207
866 1909
1079 1117
791 964
224 906
622 1208
1284 526
370 395
1811 1386
1297 773
1633 1298
1307 950
1493 1614
1130 575
30 783
1833 1266
907 332
707 256
8 1451
155 452
736 410
1751 205
1810 1201
1122 798
539 82
644 362
110 581
681 1796
1433 691
521 1289
1178 1359
1009 1447
1120 1038
1314 1376
1101 896
192 515
38 774
317 1211
1899 396
1626 548
179 1484
1084 129
1652 797
1904 629
1865 1332
12 855
1413 202
950 1391
933 547
661 1455
827 16
407 680
1542 1818
1521 1302
1627 371
668 1157
625 951
333 209
1847 1362
1735 282
781 542
1492 1025
1751 1591
863 1251
1726 725
416 1550
1745 1209
1124 719
1414 1662
1553 1227
1210 1128
610 132
987 828
886 1703
879 590
297 296
1345 1444
1267 222
1680 173
935 1291
712 607
983 753
1861 1289
336 236
1460 76
274 1879
708 362
333 1730
800 847
1667 967
317 651
457 1317
1105 1433
287 590
13 1498
281 193
526 372
715 1015
571 1666
1616 734
1180 1576
548 510
609 1385
865 1242
1871 469
1139 890
306 1320
1538 429
492 693
8 748
1189 1259
1520 541
1026 401
80 641
892 75
1236 1786
1143 809
1446 1381
818 1059
1900 820
1664 1818
897 59
733 657
953 1440
125 940
1707 516
385 1732
528 857
584 534
438 1119
1296 144
1886 1006
1663 957
775 1306
976 94
727 722
983 90
439 1355
524 1484
964 202
359 612
1539 606
1334 1528
1600 942
1713 528
944 1823
227 1282
1848 522
1347 1081
1919 1673
1008 1658
35 1031
222 1895
1320 955
926 149
742 118
1461 1510
1873 950
1878 689
60 1746
303 57
401 935
1178 168
739 1877
779 1332
1684 1769
353 1081
495 414
759 1913
343 1166
694 1336
563 291
952 639
58 1305
1451 545
908 202
826 327
1876 790
653 533
497 1754
929 183
1677 123
1480 1696
316 1132
235 767
431 1149
1370 879
1834 1731
1073 694
408 487
1221 166
1455 915
1700 466
649 1119
1242 53
363 492
1268 1230
1220 673
1705 849
1767 1689
685 925
1824 1297
1189 751
1277 1570
1660 1913
1007 1322
538 812
1081 238
1419 1646
1639 1699
1028 736
1572 526
217 1269
1895 1556
1446 1082
590 874
1578 1401
448 834
711 513
1600 1452
572 655
1308 509
997 162
1150 1821
1621 942
222 112
1012 1539
1692 1330
1146 1102
1593 1144
600 797
1064 92
36 1838
1688 335
429 323
1447 1792
957 83
1461 1794
1393 824
962 1270
288 1409
507 682
877 790
745 628
887 488
1031 718
1464 1167
1538 626
1760 423
737 1356
10 1881
164 1105
983 1546
1827 1030
155 1128
697 146
732 1559
1456 1792
1251 569
133 1073
1813 102
1631 957
834 1614
1309 858
597 373
1342 302
1646 884
809 232
418 1320
1429 894
1732 229
387 1343
1304 1373
401 120
15 736
298 1516
1842 864
675 499
963 532
140 144
65 1477
1695 1486
422 988
1737 1717
170 1291
898 290
736 822
1491 1492
466 1455
1043 1264
666 2
1662 194
1184 1871
849 782
863 431
1303 1692
956 726
859 1846
677 1376
889 1424
375 1423
1478 1793
991 1904
1264 667
320 1605
1844 377
723 412
1589 1766
1406 71
355 1872
1002 854
766 1262
1038 470
1477 525
941 1084
539 1354
1350 1223
1457 771
1587 1854
132 1048
1491 1160
98 1159
703 7
1694 1214
1780 966
500 1051
1308 384
1114 161
337 1068
1036 1526
1741 954
715 1290
986 441
929 854
1392 539
958 1518
472 1123
1575 1555
495 342
1223 1780
1818 287
748 1750
132 455
163 325
1832 530
755 52
153 1194
164 134
741 333
166 1559
531 280
352 1376
1464 1664
1502 1659
512 1730
1543 595
320 1624
566 99
1286 27
1644 603
1455 590
475 1260
1188 1575
305 379
1217 1247
1092 1441
1401 497
1316 1328
12 870
245 1621
1827 1211
442 1667
1563 119
555 617
171 403
226 1021
637 608
1393 716
290 631
276 1829
1819 1034
1768 829
1880 626
953 1751
989 1582
1282 1591
798 73
713 1470
854 493
1730 578
333 398
675 1015
1724 334
1508 193
1355 1770
760 1409
814 1462
994 695
380 1513
268 747
1294 334
872 1408
616 709
725 143
460 142
1505 45
1398 1775
1230 959
29 296
1183 1150
1837 1791
1481 1408
155 1374
30 1762
1804 1419
85 1147
1614 1084
558 806
1171 979
443 1779
1894 1888
142 1552
31 1165
1769 340
155 332
937 1858
379 1653
1138 1404
1503 717
1752 1272
104 1667
1902 195
713 1818
350 1447
1193 1725
14 334
583 735
1384 1800
735 246
371 590
42 1342
871 1289
1530 1538
1853 1567
249 1323
1446 287
1809 1360
1899 1338
372 1067
37 1413
153 911
1018 1008
627 1002
1804 693
957 1207
43 1351
1344 974
67 251
1481 1594
1063 121
1781 900
801 1446
185 1239
1685 1040
1112 432
1071 963
922 291
1706 1897
86 287
709 667
135 172
1037 181
1461 1544
1483 1548
488 1313
1078 601
47 1607
1814 1617
1396 1082
1544 1322
365 1887
669 1112
169 1191
1734 1333
1204 421
846 1769
634 1819
1686 1748
1732 818
582 1190
1108 1421
1256 1327
1015 181
347 859
1446 984
671 653
1361 911
1040 1218
497 1201
1799 1750
192 1769
677 6
803 629
1527 1481
1011 1163
1602 543
560 314
567 1834
447 239
990 1220
1477 638
969 1655
501 399
443 1277
1222 1207
1209 426
1475 1842
1348 1785
1495 1750
316 1163
786 731
334 92
197 1083
800 667
63 822
182 449
872 945
1764 741
1565 1840
727 1729
333 1295
200 1038
90 1312
1817 473
77 1349
1174 540
952 664
1352 211
1444 1862
1125 79
1603 980
622 639
721 1791
1430 241
1395 1789
287 1309
1362 1730
5 1628
1175 845
460 817
533 1202
1804 26
633 1441
14 195
1832 626
1428 1710
824 1033
827 672
144 676
966 1731
1559 9
27 428
454 979
882 867
758 1097
1671 1766
180 307
639 242
1073 1682
1686 178
1463 558
298 178
1803 1355
371 856
1187 563
80 764
178 923
1357 1247
1409 287
1571 330
204 1072
355 451
961 852
850 1649
578 1646
199 621
1081 1515
124 431
751 1638
1618 182
1575 177
55 1227
875 910
1130 375
788 710
1708 1701
1072 540
319 1049
224 736
1678 1900
166 503
457 1707
467 1722
82 1595
835 161
1055 1316
961 1417
415 1594
259 814
672 1513
1289 496
997 226
223 644
373 1714
1571 537
1004 1647
632 232
1859 1813
1648 472
57 1517
978 950
692 1223
946 1758
287 27
1657 1608
888 1849
1178 1215
1895 1255
1866 1234
427 140
1450 1759
591 928
756 1162
293 929
1434 591
1259 1245
598 372
825 288
435 1554
1865 1603
1619 1117
712 1375
1828 1786
407 861
165 677
1453 838
20 1279
173 1402
7 1311
1207 396
1179 1045
1862 913
1123 1891
198 1339
1142 984
725 287
1253 1723
1842 790
712 370
514 8
1606 1680
107 1787
916 431
1435 1668
900 371
675 52
640 343
1075 90
1253 365
794 940
1330 1130
1865 372
1352 183
406 1902
1826 994
1040 1100
748 1224
1577 434
1751 1831
554 1864
936 1184
1324 584
622 1250
1662 529
235 1538
1033 1240
261 1645
1416 277
1744 750
1540 611
799 528
1146 322
1614 88
879 1404
1005 490
1731 1300
372 151
569 770
157 616
1127 900
628 1328
1015 1650
445 1386
750 38
720 58
890 391
1704 1378
341 579
893 827
210 909
889 523
1314 354
1366 1135
549 439
1556 441
107 129
982 83
206 1051
691 1830
1372 1115
481 1455
373 1678
438 132
364 1660
371 1836
217 1339
1783 868
1473 1443
1719 1394
298 1241
656 1553
857 100
271 1407
866 1666
1572 123
1801 842
332 764
1325 1695
921 1289
1205 1604
1622 102
854 714
44 231
905 853
1127 1389
424 187
1815 849
1699 1153
1337 1870
468 953
752 93
1855 298
76 1136
186 1070
1642 631
1883 966
1498 1593
1605 1158
227 1543
1525 365
85 75
372 1446
1199 972
931 1151
1177 1871
436 1353
1084 258
60 1894
863 266
214 869
589 1547
873 947
1206 540
1670 832
528 43
1411 723
777 497
98 191
203 705
1132 1613
801 1276
27 1770
1675 1081
1126 308
1298 843
1118 963
352 1656
1541 64
698 1148
800 654
953 1811
1132 1473
239 62
958 615
1133 1277
553 709
287 578
1422 1022
1786 1175
586 1364
450 885
438 1773
19 449
757 291
212 550
1730 828
1116 819
925 296
512 202
1754 216
1298 105
584 1675
1542 49
82 965
278 385
950 1178
1004 1243
614 1105
1498 559
503 1476
1659 679
436 631
357 1096
1757 746
694 1580
22 51
396 27
1193 1490
914 75
324 1526
1408 713
902 1424
161 168
792 1640
795 617
202 721
404 1784
1428 393
1726 731
950 690
210 1656
1405 949
1637 1081
265 566
642 1251
943 1409
110 650
1670 454
163 436
27 939
176 1556
927 742
1293 46
659 1591
1862 60
277 639
429 1003
1715 1095
30 218
1113 561
185 1593
684 1867
542 98
310 1230
1258 575
825 184
177 1835
540 1566
159 1256
1206 788
8 734
74 1767
1695 935
966 863
1081 1352
1343 369
1654 1333
1813 1231
1663 346
1625 1243
426 94
1852 138
1144 478
1683 1363
111 770
865 263
1786 1014
1019 1371
870 593
1612 1720
141 1322
543 1874
981 761
1369 744
73 1256
631 311
814 839
143 1757
1195 741
1913 283
1614 1360
1379 580
1795 386
61 1383
1529 547
8 31
1284 408
1507 705
765 835
1593 1102
609 1347
1569 1314
309 966
999 788
753 300
1906 42
908 136
680 1399
583 590
1611 1400
1323 856
1222 811
1727 1693
356 1686
654 608
331 1744
497 253
993 1302
256 1740
244 1908
1103 940
1894 1882
1038 1339
538 1730
407 1005
713 1887
1363 177
587 270
796 712
1128 1868
1531 925
62 304
1117 1088
1636 1153
1373 1492
1753 653
1500 1262
65 1808
465 219
257 1790
623 762
1643 1623
178 54
1437 768
1912 546
1459 1130
70 1081
1567 601
792 1118
633 292
1346 186
70 1051
702 1909
1509 1201
1804 145
629 1157
729 309
103 715
667 784
527 1380
1579 1016
1660 128
851 1052
774 698
1303 1751
723 273
1091 1389
407 1141
144 27
1368 311
1207 121
625 1832
658 102
1584 802
715 1032
347 831
79 1200
546 536
1674 87
1393 1772
1374 1315
1471 1129
1812 774
946 748
948 132
1890 1121
711 1380
1212 1230
536 1604
1478 971
1288 452
1101 700
1721 636
1413 747
271 684
841 584
1318 5
311 257
329 1919
1113 680
711 1897
1457 1145
1709 662
1813 333
686 535
28 1731
1126 137
1693 1233
176 1523
734 1168
171 1194
1001 209
326 1902
1469 1417
1065 1191
225 1445
167 1454
1679 1892
21 919
880 1292
1460 1786
1152 512
1106 1658
770 383
535 98
1060 1447
139 1289
713 344
1316 666
1070 1275
1302 404
412 58
1251 484
1399 1788
1566 512
95 824
1713 1612
1649 789
1246 941
1344 932
1126 940
1142 33
646 618
1599 1516
502 357
1050 86
287 1713
349 1481
1186 1426
743 372
1382 43
1286 938
1129 24
1870 206
505 1694
1903 1613
437 1158
106 1806
1841 1518
1417 1697
568 196
917 1748
1770 1453
37 147
244 985
1534 570
131 1871
1280 1824
828 280
67 1843
978 207
1123 912
576 50
1384 316
468 927
315 972
1035 918
1040 1463
1519 728
1885 76
1104 1391
1249 241
78 272
87 461
597 1501
880 1863
209 91
1445 1707
461 1158
1806 66
1732 1066
253 1655
1851 1342
407 1263
160 568
53 382
7 1545
1175 1326
185 808
698 1155
1582 1045
506 339
1084 680
1463 1234
645 1688
1124 305
1111 249
1681 1388
1424 639
863 1303
963 1657
1089 1141
1274 1323
1077 1024
1486 234
1675 1592
464 643
626 240
620 1426
11 1229
1478 3
1728 1109
1752 471
1662 1880
130 583
932 1303
1114 1905
1180 568
1760 1095
1479 1880
1101 1474
425 1779
992 653
1378 349
90 1875
1661 102
1009 594
968 296
644 1654
289 521
1567 1883
1825 1656
195 501
164 1536
1053 1322
1690 1156
289 1838
150 907
676 228
1765 1226
332 1573
926 1738
621 486
1856 1626
757 1093
1210 392
667 1477
491 1544
790 243
1083 591
1722 1595
106 1752
1717 89
1397 798
1211 480
1244 1288
1882 1635
774 97
406 419
960 307
823 1647
1413 286
1798 1871
1112 398
1581 1757
1455 520
761 1857
1716 65
1118 678
1547 1859
1248 593
1661 1896
809 863
1892 291
488 148
69 1128
88 1185
1566 1302
726 1647
1141 343
1085 732
1676 1163
654 1161
1292 508
90 1785
1086 286
1549 1039
1919 677
518 683
10 490
1103 1042
749 1033
1265 1479
1465 1061
706 62
548 371
41 1485
1635 1848
698 1090
90 959
1434 851
1131 1163
774 1786
1894 709
1427 58
357 655
863 512
1527 1535
40 1437
11 1220
1103 555
1688 282
705 1355
578 1306
769 1522
476 961
863 1028
89 59
722 373
1145 114
48 1494
1733 1047
1430 626
1554 1632
357 98
891 1860
767 68
461 623
1461 247
1441 1667
1108 568
1348 417
1568 722
1284 1539
1132 1909
1310 1074
489 1561
187 38
977 364
1512 1089
9 582
34 1201
127 220
1781 697
958 253
1164 958
1749 816
57 329
1455 1556
72 1177
937 1774
1879 1277
1301 82
1329 1876
588 748
426 398
410 1094
1672 50
1295 930
992 1331
1186 178
9 1034
1213 816
582 652
1103 453
75 237
1805 725
1084 1093
32 1016
98 253
1488 1596
1054 438
483 1869
233 1069
1902 158
689 727
1918 1918
1680 1460
1438 1780
788 415
822 465
1027 1005
283 504
559 1345
726 1872
1514 400
1562 839
406 100
141 1827
1217 1117
1897 594
480 1616
1543 382
350 1133
1890 1426
15 686
618 1305
1730 152
1126 1358
1297 1853
1412 1667
1687 1156
367 1291
910 1001
506 728
1070 1910
1290 1320
1628 941
1873 300
76 1635
1245 1344
1253 1087
23 1074
372 692
483 1179
1842 185
1386 1159
1693 1233
594 716
564 1829
640 1308
568 1531
139 1706
1676 1194
1331 1720
1516 516
1402 568
1218 522
224 1322
192 805
1630 52
799 1310
584 37
1606 608
1906 1766
657 1689
1000 720
106 449
316 1249
440 1347
1726 1518
1417 796
1887 1615
152 1349
1029 874
952 373
492 783
19 1519
1798 730
1826 681
1617 1057
1245 900
1413 470
1176 110
206 504
963 631
1180 1213
1642 1821
1195 919
1522 1590
1462 815
875 1741
1871 691
349 1107
605 1658
1633 1696
1217 1492
1173 1140
390 1500
1872 1024
1387 1185
437 1257
1770 499
833 1786
755 1069
1813 592
1350 1872
987 1265
511 980
1652 497
617 1571
319 1252
960 1270
1713 548
969 1624
1691 1023
292 1225
1661 1404
104 77
66 1125
74 1248
813 1794
803 639
86 1635
357 1094
1328 742
212 693
1151 1747
1145 1832
189 946
506 821
1732 982
1270 1498
984 1313
1623 725
1866 1603
352 1657
290 1831
65 1490
124 1285
112 808
1734 1745
609 446
1648 1504
928 1909
1606 1078
1750 1171
1612 550
684 1313
530 875
1343 216
497 1758
585 1731
1198 1218
1327 1646
1272 169
1387 308
778 1413
1085 1112
1525 708
724 1108
954 1291
75 650
1506 586
1275 718
1596 835
823 1103
272 980
762 1642
811 432
974 622
49 247
1223 901
1835 318
1495 1100
1740 1036
692 749
792 1212
1836 1340
654 1119
105 1566
942 686
1823 958
305 52
1779 1554
480 1055
1159 1544
541 148
22 681
275 1739
1770 1615
501 847
520 1371
133 1275
736 1180
776 1251
1481 1371
130 1856
1192 1772
1899 699
1467 1143
471 1772
1060 917
560 302
197 1288
36 905
1748 1259
1282 1760
1820 1095
695 1721
786 625
1082 1782
105 949
578 91
1687 441
704 742
398 891
791 512
1524 1352
210 1353
330 1040
1508 162
1199 118
1668 1505
462 699
230 428
136 527
339 1288
11 315
1829 677
1475 1443
104 1439
1500 1430
600 486
1228 178
396 1127
388 1578
1506 444
1454 470
408 365
970 1117
1576 370
676 1197
856 834
274 558
1228 52
1036 573
1428 442
1069 1663
165 1875
803 62
7 901
1564 1301
23 352
1010 1494
1622 1482
1575 1273
1150 422
818 550
644 682
39 1604
368 1766
198 613
721 756
1453 423
231 1637
549 1226
1301 653
518 913
1639 512
471 1418
492 369
772 888
901 1568
668 1249
809 1552
1813 864
636 8
1670 1422
211 1286
731 342
1767 131
513 531
1244 1337
1047 1833
442 669
397 556
220 1845
1387 835
785 1084
564 1610
1450 221
182 602
1807 1305
520 1674
693 1374
1888 1201
1237 351
414 741
1357 1302
662 249
1600 890
145 639
1465 629
1769 1330
570 557
1156 1803
1009 1254
760 958
1526 478
554 797
398 1283
933 1123
1591 1529
737 1642
1162 454
755 971
193 1717
312 191
1237 1050
333 139
308 1326
393 717
1495 903
998 701
905 35
35 296
707 1882
1335 1295
1909 1153
850 1427
750 691
1169 1048
561 777
730 351
1778 452
636 826
1402 771
1135 440
1192 1840
293 376
1263 1833
564 1455
564 1221
1611 1814
1340 135
1228 1875
1221 510
1823 6
183 1461
498 1665
1368 322
395 1116
1333 999
1586 407
1213 1022
1187 1227
1045 1518
1240 105
1408 712
1900 1693
1563 1092
738 1202
898 1520
504 1429
1429 374
671 1577
1612 1338
37 535
91 9
381 97
1098 217
262 1049
1842 854
1399 1810
1636 1101
1365 1301
617 636
1095 1651
161 385
1867 992
1223 921
1830 1315
938 448
587 363
1212 530
225 749
1826 906
1343 786
775 887
1299 1785
3 1769
881 1089
760 55
183 145
787 1024
1297 404
1565 1742
1343 137
517 483
898 80
76 12
193 286
448 1369
505 171
1762 968
1187 1301
995 63
576 1627
708 125
530 50
1691 1262
631 1021
1881 571
292 207
720 1426
1502 508
1365 1612
956 505
1684 1006
1736 1185
1612 721
1037 67
135 1826
1421 1480
421 425
141 1189
1150 1251
1575 1317
389 1236
1672 1475
439 1634
83 1019
1705 1468
1642 574
1905 866
1754 918
1158 450
1829 412
813 1011
1342 1221
542 1261
1796 1767
781 441
304 1095
1197 1377
1557 1611
1361 1766
251 1187
1744 677
566 1896
1848 435
1645 590
1200 564
488 1808
1830 857
1689 1117
363 1291
467 530
1914 1414
827 287
1850 543
198 191
681 969
140 1324
85 1466
475 780
510 73
513 1825
790 1246
202 285
1753 34
441 1496
681 1885
1109 1299
427 628
1805 89
1072 317
1055 741
1713 566
1535 783
1200 1243
1234 103
836 252
476 315
272 141
1851 1735
1174 158
1667 596
676 1733
1213 594
748 1578
794 953
1734 1595
620 1734
518 473
665 1684
452 107
816 1171
725 652
1409 134
1728 660
1671 266
1489 1011
914 1533
1675 1621
1732 203
562 1543
21 938
1902 957
894 670
369 861
88 794
279 1863
1729 1223
464 846
781 880
1509 142
868 549
797 375
1363 95
1506 22
633 932
1241 284
602 683
232 672
1540 1860
875 766
1876 1470
660 17
277 506
657 1364
431 390
108 1096
1330 1053
1560 991
599 145
340 128
594 1132
484 1303
1862 83
1810 940
1336 1526
1039 684
697 420
1455 1817
1312 303
1033 1019
1212 1628
229 332
979 1847
1151 1400
1699 1013
272 958
391 329
831 1707
666 1619
1857 1231
4 191
998 1691
1590 1030
1013 68
131 666
482 657
4 71
1670 501
635 1003
80 1370
1167 304
1479 348
804 648
274 976
1711 74
1596 358
1610 1608
336 1559
688 1728
1107 794
626 696
1220 703
1749 1055
1422 1500
1503 1625
1188 526
119 1879
100 883
331 697
1123 1453
337 1897
1654 929
1203 1265
956 1719
47 574
365 1468
1466 1864
1790 1786
1127 820
180 1770
129 977
1849 321
204 1766
659 1292
1408 1207
158 106
1117 1524
1543 30
425 348
1797 16
1788 817
1752 1152
176 1607
253 1157
947 1741
790 1103
966 972
505 738
1286 1913
982 743
1406 1240
920 703
163 1354
90 101
112 59
888 829
705 36
453 662
711 113
1237 1875
1408 1291
1483 860
1801 957
1008 870
1181 544
43 655
203 703
1093 1877
1618 165
593 447
1576 1883
545 744
557 930
1367 261
366 1165
1079 1689
1296 91
585 1313
1545 1440
1139 504
734 1421
1018 1532
854 691
42 241
84 1484
9 160
1606 1528
693 222
1355 11
1495 853
189 533
1809 1716
950 1339
1089 1845
410 1228
1701 1236
1445 199
676 565
309 503
1589 1568
1202 1267
1772 1843
800 1523
474 1490
380 1374
1356 1490
1215 1543
374 1869
1565 424
1868 932
1827 810
1077 1229
675 405
1560 1786
1068 1274
1626 1800
1815 447
751 628
1480 632
281 264
378 392
1915 1217
846 366
1415 1785
1596 1894
524 9
1077 1660
1594 973
1035 765
1587 832
982 64
166 586
1441 114
1288 1681
1503 969
1158 523
1278 1154
1048 333
133 1647
950 680
582 540
551 1718
1088 1822
1849 297
1439 1435
1204 12
591 849
1296 1828
133 1145
1844 1398
1206 410
1228 926
165 1091
1689 508
1671 1082
1713 784
263 328
100 874
1354 638
1365 1379
25 1516
1351 236
1722 1348
1714 925
1437 883
953 1066
53 255
858 983
1537 859
557 692
525 706
1012 1071
490 1907
1892 1375
1824 92
1624 1003
912 1448
1499 1269
1119 385
138 1595
1625 903
1077 1382
1224 776
703 1501
1079 1087
1526 1264
1001 732
961 1001
1494 1425
702 223
1605 1655
574 1330
1427 1629
1698 612
630 477
574 167
542 451
274 20
914 812
1525 346
1579 530
643 123
1413 106
423 1410
1113 1688
579 1893
1789 734
969 641
1200 31
268 29
1138 312
1771 391
83 1370
927 102
1101 1018
94 306
143 683
1384 589
796 1521
1196 869
673 203
1227 1457
1700 610
1387 624
1769 990
128 1306
1530 1560
1898 504
1468 407
298 741
238 251
476 1592
446 1609
172 1284
243 973
1464 973
1136 1378
794 1537
340 924
1752 834
1315 1251
246 1051
1505 110
782 1476
1236 1420
1260 1617
1612 1469
1257 1508
1802 458
767 913
620 458
1077 1125
329 1365
247 1380
1425 1827
619 1123
385 523
1230 245
480 65
862 1174
1573 1372
965 67
1250 885
1612 200
668 1575
1264 1485
512 743
1301 1738
1336 959
781 1397
273 660
1786 1444
1725 1135
1653 876
147 1113
1321 1122
606 682
1058 1561
1022 1416
1063 744
1614 1732
572 1849
528 1227
1710 194
860 1576
1181 1612
504 1278
24 22
1115 1067
1800 187
999 462
1349 873
700 598
1831 958
746 651
300 1782
204 1445
653 878
1633 1516
1001 359
905 1568
304 1048
884 43
659 205
915 1556
426 357
549 1515
364 62
415 1479
260 1098
214 1269
752 1025
925 1364
750 575
61 1829
345 1168
415 245
763 1191
624 879
1779 1468
331 1875
1686 1807
1071 1916
1902 1487
1532 386
800 1757
1690 73
1025 1584
921 1321
278 348
645 1677
1113 723
1201 1411
1334 532
1076 1092
1831 1136
1793 1421
237 593
1447 1093
5 1292
840 424
317 681
967 189
633 793
690 489
1595 1054
527 1365
1013 1029
251 794
1038 1643
1304 1472
466 137
1409 7
1042 715
1287 1401
1438 538
1020 720
720 1750
975 472
596 732
838 1857
331 1762
1510 733
480 1904
304 1405
759 1629
473 1746
1057 1011
472 1237
598 33
347 1618
1386 1773
1552 135
951 28
217 598
1568 708
1011 1548
1811 1047
437 1886
1327 639
487 1221
1232 788
1567 1061
694 1357
1372 1916
735 433
1052 748
1187 480
1131 1318
1680 713
1500 681
48 1829
503 1308
1459 1144
1130 1842
1718 852
974 1758
1131 1692
843 543
1095 1434
1763 938
154 678
133 1237
753 667
120 1861
894 60
1187 1584
324 1721
983 726
1117 1255
441 562
969 1187
627 1081
1810 1594
614 797
1737 1610
804 56
1895 304
788 611
1357 1366
1819 1560
1615 1275
1827 13
1376 1782
1235 1872
1360 1206
1285 1765
186 14
1776 219
1037 1343
1510 1353
1598 1638
706 1390
1540 978
1585 1581
1565 1482
1689 749
1394 1090
1238 1783
1895 1654
651 41
1061 1367
527 1822
1428 1777
409 1289
76 885
7 1001
1515 529
1177 818
1785 304
1273 1256
910 456
1551 1472
893 1122
1841 1252
163 1392
1807 106
1390 72
769 899
1298 1596
1819 19
413 990
194 1715
1569 921
267 201
1157 307
1346 311
142 1718
978 1625
660 267
1751 1205
426 34
1645 304
1514 332
1035 564
564 1237
430 89
1799 1109
1640 1362
1032 584
1708 1236
1421 1467
1199 1237
432 709
1911 1590
177 1784
743 1325
275 1724
1196 458
1606 1669
795 1538
212 627
366 1883
1577 1529
1309 654
1634 326
897 1077
672 141
194 1150
458 51
960 1709
1855 708
65 801
955 629
1324 415
1425 729
911 981
1172 774
1867 1647
1564 357
514 1206
202 146
1142 521
1485 33
565 1599
1049 656
1001 1879
1583 909
814 1185
1466 1918
1055 1060
250 878
264 1680
1222 364
1424 416
1703 1483
1694 1362
340 1781
1301 1808
1402 443
1611 932
578 1015
696 1749
611 739
1679 157
5 710
958 863
1102 248
683 1029
444 10
636 527
242 866
156 1606
144 1916
1596 964
1889 1655
911 1310
1301 1561
246 946
1266 1343
37 116
975 555
1485 574
1240 549
849 1134
1120 1075
1387 1543
1717 17
1151 1381
1006 7
1661 350
1842 1048
1146 103
1898 900
865 1564
1228 128
697 1440
1365 96
1570 499
1184 1488
376 52
53 1479
578 1383
849 4
1219 1185
1866 1193
513 863
1613 1217
1058 605
1459 1842
596 44
1313 1862
1279 1389
607 1597
1156 1183
1127 527
1493 1047
1789 1697
693 1047
1619 1258
439 1363
735 1187
705 532
1475 1319
532 908
601 1541
1908 1340
1092 1463
965 313
299 916
19 241
1504 1678
402 1873
1225 504
157 989
934 1516
595 1540
1884 1163
1655 1099
564 1150
1173 676
1899 1414
1359 1898
46 741
1365 1598
1103 661
1421 825
819 1178
1121 562
1044 1645
800 492
57 653
1752 251
710 1285
518 1029
38 92
855 767
1129 1097
1761 1583
1480 1111
1040 1211
845 244
1064 382
1278 1270
1486 523
633 646
911 65
871 10
1564 667
634 1282
270 747
1722 1190
985 1115
830 1569
1876 128
1401 463
180 362
1702 986
1197 551
45 1370
1295 90
1543 1268
886 31
247 270
173 29
1546 63
155 304
985 1352
1764 1456
843 777
1776 363
1649 906
1757 156
338 369
1237 1187
978 69
1271 1424
932 43
1009 1645
436 1816
1070 1482
1047 271
615 399
14 761
415 1549
131 1168
280 19
1303 459
1123 1783
50 877
1896 417
1032 1417
461 1769
754 564
1451 399
89 702
388 146
1379 1661
1381 1550
926 651
1279 1407
989 567
1186 379
914 1471
506 649
1726 1524
900 434
75 860
1137 1766
895 1400
1542 761
1069 824
83 1475
1374 845
981 534
225 148
1049 1562
780 512
1491 1048
207 1017
1800 975
1165 1774
584 788
1004 764
1249 1290
1291 1103
1679 478
1398 791
519 1723
799 1683
1312 1655
298 724
647 1408
1141 277
662 1011
1833 744
132 1040
279 1130
1560 1556
717 578
385 240
537 1477
1179 1188
930 923
130 1851
561 1513
867 1107
81 499
434 682
914 1702
1809 685
1391 317
708 1680
233 1007
1526 327
889 717
275 734
178 1911
1503 1723
1704 1697
1388 686
1737 103
384 229
103 1700
268 22
1363 1413
803 54
1126 1205
1911 1179
728 1184
289 1744
858 1837
1136 267
828 1318
202 371
1765 496
1210 1799
1106 982
806 1507
121 1274
1194 1819
240 998
494 230
1010 1593
102 491
1747 1395
1748 1684
1877 1471
1913 1277
1271 1668
1819 1237
916 451
1713 1307
1572 1500
485 963
1575 179
1553 1894
600 574
1442 1286
937 1035
1824 1489
1001 192
1602 236
1019 1341
233 631
18 326
1274 1011
725 135
1878 859
1343 1620
631 1478
1278 876
840 468
1906 159
1532 74
503 1505
429 574
1413 502
705 1418
1252 789
1223 1511
764 387
1784 1857
1767 1560
642 312
1284 842
344 401
687 1820
458 1114
1555 1384
465 80
1754 117
174 1154
1213 1872
1285 153
282 326
952 761
1763 922
1089 133
1596 740
486 1859
1539 1131
1340 817
702 522
1910 314
1011 1228
616 194
1898 1005
311 1524
4 1059
1291 904
1613 1065
1625 1357
1205 1281
547 1311
588 914
1329 1785
1105 194
1247 43
996 304
1846 175
1872 151
520 1682
726 1468
1095 1318
1880 1514
1385 1107
1403 552
1491 457
1809 860
497 569
443 263
1316 791
792 556
1178 334
1126 530
1901 1034
94 819
807 1304
1001 1276
1370 1279
1151 1294
1773 1685
1200 1804
1737 546
1160 1029
1280 1688
1559 733
1092 329
1490 1902
1854 1237
1264 90
1208 1099
523 1849
1727 1774
1488 988
265 1287
76 274
698 893
1149 1054
1461 887
866 335
75 655
1135 1314
5 1688
639 1458
1598 236
745 1422
1913 973
482 1142
385 1149
1127 1371
882 721
841 304
1831 435
1223 202
489 377
123 8
1333 658
206 1534
1787 1444
175 1067
1839 726
1640 85
900 40
1386 99
1240 1575
1643 982
1216 1203
1282 1179
1688 1851
75 1028
1483 109
896 1193
1806 1032
323 1422
1452 395
670 1816
1640 912
889 1214
352 169
910 1431
553 1251
1399 1236
178 710
1687 1201
1574 540
50 1400
282 1587
38 552
1801 1664
1109 500
480 1343
1884 714
1601 1644
829 136
1765 1170
1872 476
997 1186
1388 74
415 1504
1297 26
672 1228
512 1609
993 523
708 1291
779 958
65 936
1764 22
1534 655
1917 1274
817 1043
1916 1475
43 1386
888 604
912 577
1393 1386
1118 1579
1449 1794
660 1110
875 97
1079 994
246 486
105 152
708 85
1239 779
1354 711
495 235
368 848
122 1863
149 664
763 1900
290 1046
915 1083
149 1416
1887 612
492 1610
1313 785
1866 1890
890 971
1221 1213
1514 320
588 1677
1887 1838
1616 1193
371 945
550 1512
1067 1835
1421 725
1024 972
1755 88
794 1865
1244 549
1870 385
975 418
212 1300
330 1621
1135 419
405 911
783 494
493 823
115 1499
527 489
1425 1175
546 341
1296 1330
1388 1080
326 213
827 1402
854 82
226 779
1640 982
391 597
607 594
70 1442
215 362
897 1394
1495 1419
227 1022
842 17
356 958
1367 212
1428 1511
1699 1288
1795 792
722 482
1311 734
1473 1171
1858 578
864 1071
453 254
58 32
802 1500
1408 307
1041 894
1694 943
117 267
648 188
1467 1257
206 761
1379 1186
1718 1650
1423 996
1104 947
1008 1173
78 230
1406 409
952 815
291 571
1615 127
844 703
1330 1129
770 668
1632 224
783 637
1077 1505
252 693
623 274
1291 1123
579 75
1513 1720
1775 1330
426 1450
1740 1231
630 1264
1223 536
813 25
1103 1722
1720 460
102 25
778 1507
733 1538
804 497
445 1377
1073 921
170 1302
1307 178
1089 1031
764 720
1387 1274
935 1201
1743 404
356 1581
1221 759
150 400
65 507
108 508
432 1763
1782 91
1301 1673
403 1231
612 1433
827 258
679 1853
1580 1913
583 234
1808 971
991 1062
902 1461
1588 1482
1416 1148
1631 309
851 1698
1086 1168
557 1373
344 242
1396 1595
1911 1053
1853 411
892 125
1085 22
292 353
378 627
837 1604
1117 443
1598 1042
1662 551
1641 270
559 262
962 1817
1286 1756
1517 231
488 1847
1608 1551
1895 628
727 1700
1793 209
1819 1080
1446 1695
1577 245
27 1506
164 492
817 808
1446 1785
325 3
1758 1489
91 361
452 1895
355 1686
578 593
478 276
1014 1503
145 931
333 1884
1092 872
181 768
1016 697
1527 1469
1352 343
1659 1201
1712 1770
711 506
823 689
510 1155
580 532
252 1269
290 79
912 939
1558 1005
747 1564
440 1890
168 351
395 944
1689 1150
1325 1124
1128 884
1384 151
601 1115
1278 821
1297 1782
1903 1595
399 681
1915 525
1474 1074
343 481
235 211
672 1595
1852 672
383 554
738 963
1766 1887
178 530
1497 900
757 151
928 663
798 1005
1231 1209
178 1482
98 1623
1593 1241
267 1891
1153 960
1782 1441
995 521
1147 544
1536 461
352 1490
269 695
319 512
634 1293
838 1852
1290 719
1666 923
1852 152
551 76
1750 1768
220 1075
1091 484
1172 1785
1618 919
295 421
1182 980
916 352
658 310
288 1370
16 276
539 849
1785 571
1436 332
455 772
1439 907
1286 639
301 1332
1913 1011
1332 1583
228 1404
1665 1421
301 1659
1158 563
195 563
758 471
1791 1050
426 383
672 1568
1503 1538
1049 1898
955 1038
538 1831
537 905
521 394
1400 111
639 1882
1707 826
1269 1080
1221 93
1 167
1311 509
780 576
1629 1792
1484 867
951 1048
259 1096
1779 1812
819 126
872 1211
1511 1166
89 429
106 1029
184 1095
480 1644
234 1080
188 1323
1625 248
621 779
1068 490
239 1060
335 743
977 1003
582 551
1057 1026
1655 472
1759 1612
1720 1901
859 294
1005 479
274 1237
512 515
1489 415
1439 128
1432 358
695 914
1299 505
699 5
1834 23
1862 1365
1842 191
9 1164
1786 1476
655 480
1368 363
1299 742
1720 674
2 1524
903 181
76 1265
1375 1038
763 1169
1680 190
1187 229
914 1296
372 126
981 454
296 1582
1002 657
154 1092
302 672
1251 1861
1656 399
1448 196
135 581
1103 224
846 603
270 1056
948 1408
731 320
1831 1912
390 1034
1116 1467
1123 208
1820 438
1242 1330
1336 1547
106 1365
1211 1816
58 594
405 899
1082 231
257 1299
87 628
493 773
611 1874
1401 19
256 183
1048 905
398 1702
302 360
304 1505
1161 1872
354 1629
1068 218
176 1772
827 469
1237 1763
123 1604
1561 950
537 777
1818 695
1917 1917
1311 1267
17 1402
1579 607
496 1106
790 1852
1791 1532
1349 288
200 1367
22 1749
1618 460
1835 865
800 1853
830 1844
1246 899
791 176
685 1908
1901 1421
1092 1764
1907 1578
1699 54
1748 324
1147 1048
1474 203
801 45
124 1177
1437 219
225 1795
541 1207
141 735
972 1248
481 274
1731 1711
88 664
1847 715
192 289
767 1718
1589 1095
595 1613
567 1760
371 1010
1019 345
859 665
2 71
734 1378
1567 1528
1757 1015
196 959
1287 483
1338 1233
1649 1432
801 1385
484 434
1430 1220
1894 1649
639 851
1310 15
1331 476
842 1660
553 507
1805 598
744 526
463 1216
659 1022
1239 1009
74 32
1335 829
99 1700
894 1713
486 1708
213 1114
34 1365
1278 1589
886 155
1375 1697
1143 291
1667 1510
2 1061
1618 1489
1874 222
1861 1558
861 1195
77 1537
815 1536
522 1770
325 69
1203 32
796 1298
1654 116
1334 585
1536 104
1527 101
40 889
404 982
1205 1807
1805 1681
1864 4
954 1676
708 1786
942 459
1682 680
963 1603
1315 1403
219 602
1344 1525
698 1097
1363 557
1819 551
1708 1535
1425 1395
1446 1130
1473 779
1758 1067
499 1663
62 620
390 985
1210 1543
32 77
1750 393
662 1466
569 286
1225 661
1692 773
896 100
536 600
1561 1175
29 1056
1448 1083
1409 990
1841 27
769 433
230 407
1700 1192
1725 949
1077 1297
1446 632
1733 1251
1684 1198
950 724
1528 618
1679 514
818 495
1872 1301
741 663
1725 244
1153 679
908 1289
807 1580
1673 1756
1736 559
1605 181
745 1655
924 233
313 609
1221 693
223 1703
428 30
1860 343
90 1419
1319 1392
1208 1113
919 1241
965 1256
1111 1251
397 1815
1173 651
1448 1814
1846 1119
1622 152
167 1875
1427 1058
762 368
222 1115
275 756
99 70
1596 1623
921 759
783 1239
952 1649
1685 354
884 1019
677 702
406 1602
1480 889
1679 1463
266 1719
706 1871
993 868
22 96
395 1260
1022 525
986 1705
551 1532
594 1103
1141 335
851 1897
1284 693
428 1237
1832 983
569 1828
898 1891
1386 319
872 551
466 1904
1912 753
1511 1474
524 1345
1755 1555
311 1820
1633 1313
12 972
1806 1060
568 1217
1155 597
355 1261
207 713
647 10
1579 1645
1916 1775
1196 860
1273 305
335 87
1396 1518
751 724
1088 707
184 242
1829 850
39 1775
579 721
581 1678
1090 932
902 477
754 1746
1567 226
118 934
1579 937
1707 1285
951 1045
1686 661
1099 488
829 1078
1127 106
1467 1387
1560 1334
444 1855
1101 761
1826 153
166 467
731 805
1785 849
1567 100
1518 1775
10 1571
1083 1793
35 1390
515 1610
1469 1842
859 1475
1107 1499
115 1896
1108 1414
1443 1082
416 1603
209 1543
125 649
96 184
533 774
458 1359
77 1852
696 1589
878 1656
1175 1710
1744 1695
1061 1370
129 1500
596 103
501 1842
1591 1599
1109 1563
802 677
1777 6
1767 1617
231 727
918 1239
78 1431
1827 19
1412 793
248 752
1421 595
663 910
1679 880
1137 324
738 1543
495 1383
1466 523
1050 117
1635 1291
1604 1825
1479 889
812 1570
1907 1540
1516 39
1389 1272
1395 118
1768 1124
750 1232
1883 1537
1219 1643
243 182
1548 443
1486 587
663 1784
1755 67
1681 1481
733 659
1743 1905
309 175
1091 803
1325 355
88 83
420 1674
158 1365
91 1732
1397 1538
1201 218
1292 601
645 856
1603 1762
278 975
86 1232
651 1650
501 94
1051 406
1142 1153
1363 1555
497 1547
351 1879
1293 501
625 1874
1890 189
1877 1026
1297 1348
354 694
759 1735
1229 1641
1230 568
798 381
1611 444
383 1413
372 509
465 372
1527 999
63 1729
705 992
1900 1856
1110 1223
323 1091
43 633
686 1628
415 5
1094 685
992 1083
443 802
903 605
1754 392
326 1447
144 1369
350 1776
302 323
456 1555
163 1303
608 1091
533 1044
309 1592
653 941
1335 1839
1175 355
378 794
280 1468
1452 1780
351 255
551 546
1656 1676
1703 981
966 1057
18 1837
353 1510
19 1178
26 1192
1489 1725
1670 677
532 1683
44 983
1152 239
198 264
974 1188
1244 1362
703 603
738 641
1088 888
1776 1183
1416 370
1095 882
705 1354
201 1612
1741 1551
1582 1420
334 1742
239 1806
503 1470
1135 1261
30 683
548 979
49 819
1700 384
1033 1245
1492 728
743 637
320 319
1498 1681
1361 1163
1471 1917
1454 399
863 1166
1639 1056
1333 997
104 1262
1214 728
1156 356
1508 845
1270 580
941 981
1449 351
388 472
1657 922
175 377
19 338
1200 49
1531 1905
1480 280
742 142
269 547
810 509
355 636
474 616
711 213
381 650
1092 1837
408 1844
1434 663
1236 1762
15 1098
140 108
1866 1561
1329 1475
1518 287
1323 1573
811 48
341 801
169 1239
1471 425
1640 506
1753 1522
1002 149
1157 1558
1357 1144
169 1790
1095 183
1878 559
1285 489
1506 1891
389 657
1116 1831
1406 1153
780 611
601 336
814 728
1297 788
168 639
29 430
1055 608
1013 309
1112 753
310 746
888 1059
269 727
1377 1007
62 1382
1140 339
140 1263
1578 1424
1487 753
1383 1341
131 792
749 1667
1059 1614
1490 668
903 8
11 1864
2 1647
685 1180
1751 219
11 1212
1393 1831
1917 1335
1690 10
761 1199
330 1090
594 1271
1300 1898
235 1435
1869 1646
441 429
1897 832
741 729
1039 1295
599 1352
1796 591
945 786
445 1517
708 612
738 629
1597 1815
439 1447
1441 1360
1224 975
1184 183
1736 1119
1222 1181
1612 789
427 1785
953 474
134 520
1395 1387
406 58
106 243
47 802
1856 1018
971 503
1053 1722
113 1572
318 1863
1474 539
341 1489
628 1612
1190 1045
763 1243
398 679
1427 1165
1621 225
500 1048
1900 1515
407 1197
301 600
1889 661
1668 774
11 104
1255 916
1687 1084
1342 606
1451 1882
1175 1446
1300 1590
584 1546
579 884
328 265
388 1482
941 1020
1694 1699
1239 5
1514 650
1375 1087
759 1473
285 1290
88 504
353 1157
923 1804
387 1130
1372 1512
1601 739
467 507
1375 773
843 503
1869 617
1498 1120
413 1790
1649 673
977 1635
83 1500
1112 217
806 572
977 1548
60 1049
992 1349
604 1196
423 1201
1036 1328
1126 1745
1663 419
1816 1390
854 837
1893 1646
276 1042
556 770
1037 1239
641 1549
1445 1609
645 405
665 897
695 661
964 1874
797 474
1330 243
30 656
1884 276
1555 503
1003 1299
122 761
1320 801
1775 910
1436 1899
1355 856
1656 1542
44 870
1068 1010
538 1439
315 745
1606 654
915 402
852 300
1032 1286
692 240
417 1682
1149 579
1425 1240
1511 997
1474 1415
648 889
1507 1846
933 521
1034 943
446 1805
283 1437
1386 1194
517 917
1739 957
623 1335
750 757
470 1824
505 1061
940 1516
1766 1349
1294 361
753 1915
1017 825
207 588
1525 519
1015 1138
946 688
284 794
722 27
1261 764
1305 1647
1484 173
801 909
1416 524
926 1233
1565 1029
302 1644
1029 919
163 358
1895 901
365 461
80 1478
1277 196
331 367
706 164
1239 1201
1832 1375
1123 1526
697 198
955 268
1203 1903
1769 14
83 1775
1816 1676
961 865
114 775
600 288
1914 1440
1710 1671
1785 1118
284 825
44 285
1541 472
972 1380
1108 241
501 282
765 687
66 1300
39 1583
856 372
963 784
693 984
259 824
1261 511
1288 1478
679 1729
1273 265
1459 642
1782 469
1489 1591
165 620
1032 267
594 1179
1556 1410
1172 79
508 775
1786 1854
1874 1506
1834 710
1186 981
1211 217
424 1602
1890 1040
1475 1090
735 1619
815 1030
1128 468
1446 1456
121 894
40 97
1587 277
505 1360
1523 1394
1649 1166
838 619
1334 640
440 555
936 689
1352 1720
1097 1321
314 1728
133 1727
831 51
1632 1103
761 622
1619 1011
170 453
250 928
1575 1252
574 1227
1353 258
1204 214
633 1338
465 1794
339 510
1433 1384
496 1701
1181 1401
600 978
1046 638
1564 1331
1519 82
573 1608
1080 155
299 325
1777 56
1668 1012
1741 1442
441 174
785 40
468 1135
1788 1309
976 948
536 1544
83 1714
494 867
1510 763
1456 1028
995 1322
801 1545
1680 159
1318 438
280 1669
1312 411
1334 276
1812 1343
812 983
545 918
401 1603
1768 120
1569 1164
1138 527
855 1259
1111 220
137 1688
599 1638
1457 639
344 1647
704 1724
904 1432
919 1429
183 637
1783 1398
308 1579
676 1303
1882 36
1494 622
219 1124
1730 1247
1858 552
1676 866
976 1892
634 690
1436 538
673 576
768 1811
429 1483
235 1873
1871 738
260 1358
341 144
1165 1679
1412 1187
153 143
633 1762
390 1386
150 1477
424 699
390 304
690 1565
1239 2
251 1177
1083 1422
1101 1546
1496 388
875 1096
588 418
1501 1526
665 679
1205 1372
1428 1595
765 1669
117 1209
333 783
685 1575
121 448
516 260
1816 1593
24 783
20 230
1249 1480
163 720
1352 32
607 1408
1281 1366
1548 1079
55 96
1623 1664
827 1765
978 194
1234 951
769 416
477 501
1605 948
1755 1585
605 805
321 1238
376 811
72 1885
633 131
1390 513
1149 421
2 569
435 1533
1014 857
661 1101
944 914
209 1279
149 627
526 773
801 1605
416 818
1633 93
1122 1094
1700 1277
86 323
1309 1166
1510 1251
600 32
1349 1038
1486 1419
379 1488
968 1031
408 1365
716 1104
1622 1778
908 793
1428 1502
1007 544
570 1459
1610 1353
1192 1886
921 1221
1073 171
614 372
1873 758
1072 506
1851 204
605 1916
1108 611
536 1402
533 974
622 1909
1266 1678
5 1162
987 1376
180 1518
850 705
1010 1822
73 582
199 250
1192 39
880 715
865 1077
1204 324
1598 1500
1416 1673
46 1618
1342 1862
874 287
1805 537
201 1811
790 1623
1731 1195
272 1836
185 1161
402 478
1657 700
326 426
12 1436
293 156
678 1257
1802 1
457 1361
1383 1452
1570 517
1592 1253
1376 1879
549 1151
856 858
755 319
1204 1621
312 1548
1174 965
938 1456
94 1394
1588 1073
261 325
1270 216
68 249
1468 1488
1324 183
1693 1679
885 1436
296 1710
1149 1010
820 247
1092 1702
1536 996
1268 1557
1747 1129
1781 494
1444 1208
1431 12
883 1782
535 553
140 1916
635 1527
1078 1838
1626 484
777 1264
1077 1709
615 1233
156 1383
23 1737
444 865
761 1509
1785 1800
837 1527
517 1771
781 334
107 973
373 1207
1126 740
880 963
1850 1642
1661 884
1147 1871
860 751
1602 1304
1777 1691
1587 554
353 1553
1815 884
1180 831
1095 1462
1092 1193
1559 907
1054 278
413 857
100 195
1205 829
708 85
1238 540
1657 467
923 805
1832 406
1054 469
142 587
573 478
203 381
1485 1217
933 301
686 1240
644 708
1890 753
1339 1905
613 327
81 913
1229 1755
1010 1620
288 23
1062 1686
1005 736
455 1817
1908 1772
687 1504
487 936
887 355
1782 591
458 12
1213 503
862 357
150 517
289 435
813 371
28 405
167 169
1496 112
1869 927
705 380
1743 1722
138 1465
608 1281
902 1867
881 1458
197 1207
1550 1674
998 1226
1777 1207
706 157
1779 1725
1065 1676
712 1594
864 276
1063 1101
1827 560
1008 118
263 1801
1853 1631
1022 271
1460 516
1630 442
1818 897
904 1734
1757 491
820 513
1227 1419
436 1668
1590 1789
81 558
512 505
1697 899
1533 1047
1422 1870
1041 1288
718 1333
1605 1510
154 1834
478 1827
1214 456
231 1064
346 795
1850 563
1546 177
169 499
680 1615
1453 1868
930 1405
807 812
1352 126
1049 438
251 1531
533 708
162 1450
821 428
1100 743
162 1604
645 1630
1443 503
1388 1317
1491 822
260 858
1075 382
61 1884
1917 115
1311 1495
1201 612
1780 943
360 1089
471 838
1104 552
937 877
127 669
1655 432
1021 989
868 1637
1396 250
819 773
864 354
785 215
403 653
1405 1074
221 1603
41 8
1579 1269
1076 135
1320 1371
661 237
123 265
1726 1729
224 761
117 1672
1715 1519
336 437
795 178
828 1746
309 1288
326 1548
937 1770
1421 781
1738 290
1251 979
29 1137
1529 372
79 1508
1316 1023
1522 1111
1874 1634
971 1024
1411 344
1351 1555
1235 1041
12 1045
620 50
589 1658
1548 1816
306 645
73 1261
810 1759
1225 409
1543 920
1295 1273
71 1302
1131 1716
1666 348
944 614
183 369
258 1170
1301 825
600 1800
29 122
799 1404
616 808
1077 714
1777 983
89 639
19 1386
1836 753
829 769
1216 1546
868 798
1501 1022
766 1340
258 1607
89 571
1733 64
486 654
1009 873
673 1121
600 1423
489 1342
1300 1566
766 1553
578 1020
276 1084
1224 146
274 1726
1298 1035
985 1231
1353 536
1433 1351
846 1530
1803 1489
1444 45
1038 366
411 1734
1 1755
1260 86
559 1027
243 1344
1805 416
1579 185
270 1201
98 155
1084 609
1244 228
1052 1618
100 894
603 239
406 230
769 2
983 242
1385 1254
910 1001
568 1518
692 528
1323 1146
658 994
1810 1803
903 771
13 1688
327 1850
1875 672
336 1843
760 1431
1070 1821
790 1455
1874 1684
591 212
1363 315
1423 139
653 1775
167 473
1320 87
250 577
1605 1871
891 1884
1275 1908
833 560
1280 1420
1761 220
145 1890
1244 99
1902 568
921 1390
110 1505
1723 323
1193 1913
562 145
1800 630
169 639
392 1545
297 1219
319 1562
804 1207
827 600
919 1717
1699 1394
564 248
526 1453
217 339
1774 1509
834 1151
1889 490
1479 982
1417 284
538 1220
323 756
1575 1652
865 1111
1199 149
1648 1099
1587 412
1816 1199
178 543
673 1605
136 1621
1024 1168
765 1576
735 1104
1097 1760
466 1131
1215 1737
872 767
1555 569
472 219
1871 482
1608 1763
32 474
321 329
1809 1287
1108 806
1502 763
600 1491
1093 953
653 438
44 1347
705 1420
81 1531
1386 1626
1359 1798
1857 1368
162 1319
1590 347
1249 682
716 550
479 212
1852 202
1864 1078
1845 1786
1616 675
588 826
1650 332
2 600
1600 251
331 1125
740 1816
853 30
1775 841
1495 1025
1143 1237
1640 1698
496 1232
289 294
152 1830
1117 954
684 644
844 864
1682 1390
160 1431
1501 620
1283 1823
278 1459
717 1227
575 19
751 307
1327 1849
435 1733
1220 351
355 1654
111 1699
782 536
912 1573
609 152
1367 824
1097 1714
1206 1463
967 1907
724 1357
1021 150
1674 92
1629 1032
879 586
508 232
1075 1510
1677 531
1525 673
1090 1150
596 970
1065 476
753 905
1091 1520
883 1031
1439 529
1587 1475
937 600
893 252
1584 377
1565 1409
1546 973
1902 1250
1911 1256
979 82
254 1508
1906 801
770 1676
416 583
1073 1843
726 784
1268 59
1361 875
314 1766
725 170
1387 1222
1133 279
68 1176
781 1530
919 83
1513 566
1220 1080
300 964
502 1341
673 1559
84 525
1298 1469
63 565
255 772
739 1310
728 731
691 443
960 475
1145 608
459 27
262 565
130 505
1258 878
194 1556
501 1436
603 161
1438 1426
1602 1503
1651 1331
181 1627
867 1326
207 701
379 881
1706 1001
1509 947
877 778
1084 761
1300 268
136 422
385 177
1433 1069
159 347
821 1391
2 472
405 670
1722 945
1633 168
186 137
125 1653
178 1010
698 337
1721 692
593 1502
1524 439
1830 386
1107 1496
621 1465
1389 1436
1533 566
462 1166
1155 429
1852 113
1091 13
939 621
1531 1101
1136 1842
83 1510
1581 1029
983 450
1282 505
151 251
1189 1589
480 1787
1361 826
908 836
1553 668
1577 1015
1538 1094
734 1842
234 983
646 1823
1302 839
431 929
1403 496
1087 1625
911 1637
1183 1065
1659 1095
1636 874
11 1797
1081 350
198 37
1182 188
131 266
692 1877
639 1379
1683 210
292 1844
1876 844
884 40
1882 32
860 1373
798 458
1003 443
1555 930
1255 858
1154 1175
1865 1280
1675 1737
776 1363
1808 474
1758 1534
1475 194
301 626
1222 1438
1251 1314
1004 438
1538 1517
200 536
1413 1692
1425 211
397 1574
119 1786
1902 253
1296 1857
1885 1387
259 245
391 717
1133 530
590 11
242 1164
1768 208
1431 678
958 1390
1725 297
362 1689
68 1203
736 1121
1887 435
1767 1203
799 402
1717 1648
1126 1840
671 616
1863 751
205 1104
1159 1755
1545 429
248 994
1509 998
681 1619
884 352
1724 1239
447 763
1568 1516
1516 1307
1853 167
406 1739
363 1169
1695 962
1509 837
1084 1054
1279 1752
1823 1720
590 969
12 9
314 748
12 1306
1758 64
1911 978
672 925
1531 709
888 1705
1789 1085
1779 1346
1554 630
1629 295
191 1485
1546 619
375 1478
835 942
1700 1046
737 328
667 1521
1199 536
1826 995
83 794
806 657
1132 730
685 1086
25 1871
1365 1431
1689 5
187 94
1553 791
1750 1365
1712 888
1134 1519
449 1316
13 1132
1818 817
173 1527
273 578
1118 888
1395 842
1550 1755
1724 1317
1102 1238
21 891
1148 880
1259 1607
934 995
1043 477
1542 1792
612 1103
769 1900
155 42
100 979
1054 624
1073 610
200 1696
1489 95
1812 1813
1594 1661
317 705
183 673
616 459
869 1555
906 1803
1501 589
1525 336
97 132
654 1568
1801 78
190 1375
1472 919
305 1724
770 890
431 1431
666 1398
1300 1310
284 172
127 29
1326 1182
936 311
1678 630
1368 1320
744 257
705 16
823 1869
1594 1242
58 811
1314 1105
1881 1582
364 545
1730 287
1683 1733
848 1015
1133 1511
233 1678
1265 40
962 1851
1104 310
558 1812
1321 464
261 164
316 1245
1497 259
1327 1295
1463 1461
1251 1395
518 1518
837 1873
1270 1122
1469 1108
905 1440
1586 357
483 133
1254 1160
1493 353
647 27
962 1237
1538 2
135 668
123 1308
1006 224
1137 876
455 1280
205 1500
1122 147
322 969
980 1303
1812 1114
649 190
840 797
357 7
430 102
494 256
559 829
1276 776
493 1688
770 660
1261 1349
1450 910
203 549
1874 242
723 103
892 873
1338 76
586 1561
727 867
1375 912
538 901
1337 1764
1158 1038
1836 110
1495 1845
1066 974
247 303
246 1777
875 77
621 1087
1898 53
592 1059
649 360
1157 531
1676 775
600 501
525 708
751 503
13 1539
794 1508
787 13
1450 1811
1521 343
1216 1400
1294 835
374 791
1464 1238
1071 1533
1033 1805
1356 107
839 847
466 956
1859 533
105 723
794 1139
1419 33
1332 691
935 604
1418 1264
239 1805
170 40
1708 1466
1509 1399
1386 769
661 1237
1232 1238
193 995
327 1605
1555 1665
747 1011
1525 148
367 1843
1284 674
192 357
1336 38
466 513
431 895
336 1521
1685 542
1195 569
58 884
1328 979
1854 1848
1843 1738
250 1381
179 947
945 1167
144 128
298 1852
1433 816
732 1132
1487 38
1079 368
1525 309
242 809
1183 697
414 929
793 1609
866 1769
534 30
52 1001
872 773
692 612
1547 1149
1209 2
394 1851
83 406
363 140
1657 1905
454 59
1470 1316
896 900
476 470
1833 1468
1274 53
617 1022
452 1743
1175 991
453 871
1468 396
966 1546
1588 1218
1676 1746
133 964
1 400
1421 1900
83 480
770 1185
281 1037
759 544
341 269
486 1551
1770 359
1094 1191
109 176
1450 267
1614 1350
1624 412
227 1040
1394 666
1799 890
1609 1418
1395 451
252 984
1138 1724
941 1704
631 175
1016 785
498 342
248 590
1070 1105
1487 1491
57 1611
31 951
59 960
1251 1238
1470 1888
827 1773
856 1640
432 1000
1129 1590
561 1601
1843 485
1349 793
83 1364
1910 17
469 340
651 1604
1310 410
1109 595
14 229
476 1228
1255 1820
134 1135
288 103
1156 347
710 398
866 1880
1858 643
406 1239
685 59
238 71
1616 22
621 1740
1561 946
1407 118
1342 1251
399 1395
236 575
905 440
769 1416
1414 349
1417 3
65 1475
1092 807
1419 413
1646 1374
119 1171
1202 378
988 1310
719 397
372 983
423 652
1798 1116
980 773
498 612
1710 1666
492 362
931 736
1827 655
1590 288
1010 1476
1018 1732
1526 1110
1552 664
1847 75
1662 1226
1228 365
569 967
206 193
1916 1916
147 92
1256 1489
99 1485
987 1829
1441 1328
1701 263
1303 277
222 1025
1549 634
1460 844
1811 626
16 1160
1101 842
760 1045
380 683
1734 1867
1285 1715
1487 157
587 1098
139 1209
233 1037
388 1369
710 882
947 1397
1521 515
1211 1640
1578 475
447 1689
379 308
1291 1749
760 1372
1513 1321
1419 490
1416 1700
1906 1603
1491 1765
908 949
715 483
1123 285
1087 624
225 465
482 273
1364 463
218 336
1501 1163
156 225
651 563
1648 1595
1484 1518
78 1426
962 17
409 908
1485 1093
1524 1744
184 1561
837 943
1421 1402
1036 455
87 684
638 1670
121 1304
365 1617
1553 757
1651 233
552 604
1707 1395
1899 540
1310 1106
906 70
1820 702
249 1306
1440 938
1815 700
459 580
912 1297
466 1182
57 1112
874 1276
1452 950
1470 778
112 822
641 1067
810 826
1810 995
498 688
1370 1629
1677 241
410 393
1475 861
1343 113
665 1822
877 1704
1859 919
1662 940
1347 280
753 44
688 639
1092 547
665 406
1122 454
1677 1579
228 1564
1273 791
1125 1433
381 1013
1010 1444
839 1657
853 289
1485 1516
1483 633
944 1662
1869 1013
35 67
647 1003
741 1642
740 315
1068 1467
926 1701
210 994
43 772
1872 1876
617 161
728 278
1116 903
905 651
1773 503
978 1618
558 1657
1545 130
923 114
1751 807
273 816
1866 1697
1695 198
1148 1830
1026 255
1083 1820
586 123
679 747
31 279
1126 753
949 123
1704 1392
1690 1595
1643 846
474 1081
497 818
922 261
1729 1319
1405 1908
223 366
30 1701
1706 367
1641 90
101 1614
196 326
1411 817
1806 573
1242 1502
566 992
350 731
1584 992
1052 1634
992 942
523 1405
314 919
1266 1718
1271 1442
1502 1025
1565 687
726 946
339 552
580 687
1060 1336
1821 1592
1631 363
673 8
758 969
1819 144
197 713
1422 841
510 1145
900 97
647 1675
1484 1103
763 1180
346 1653
1202 1852
657 1299
1522 1589
386 36
1571 1595
897 1797
1887 881
1187 894
751 176
486 1649
1842 945
1368 1052
244 444
1767 590
350 1406
1597 1180
1267 1093
1543 943
639 1815
1451 1057
1358 699
1730 1432
1042 367
970 1768
896 1001
1396 184
855 631
643 1591
1221 802
1586 886
1168 1457
1743 514
193 440
1351 123
1834 335
1772 1589
1194 1052
207 111
1771 1786
1333 1622
1545 1852
185 780
465 1665
310 891
1800 1700
1351 979
1377 14
1722 598
1385 1403
146 728
1228 822
589 471
1332 1427
1830 502
869 1282
1246 283
103 1861
1417 1788
370 683
235 996
333 86
314 1111
670 1560
959 1640
912 265
756 571
678 516
677 132
1298 1578
305 1437
153 1563
1779 1623
1881 905
1153 599
940 1781
1348 1163
1134 1113
823 732
1531 750
767 1259
334 1030
1276 1506
687 1094
906 1220
1269 1013
395 957
1270 1050
1164 1839
608 798
37 284
370 1494
1142 1770
1161 1281
1296 1217
1020 1351
1560 1632
1359 1806
1729 1486
140 1086
1749 990
473 576
1865 152
1338 1203
853 769
768 327
364 698
1791 1730
276 737
753 1119
88 362
376 1032
1535 362
1828 524
266 1475
1043 1801
1178 1390
1218 14
496 1826
1250 1608
1098 959
329 986
1285 4
1635 1133
1025 57
964 1178
687 1061
149 1292
1013 1672
1724 1750
281 999
1123 1124
1640 328
1125 1462
220 1135
317 1040
396 1456
625 706
1695 474
737 1620
465 1335
75 1516
1516 869
859 1516
1225 920
1606 253
305 854
1499 216
672 1077
1821 1486
1351 1123
1790 959
540 226
1144 930
1051 1245
506 1905
1516 1409
1259 687
74 992
1300 650
1168 966
857 46
595 149
1316 972
1499 1042
816 1820
1410 301
629 1310
1771 813
466 908
1022 1581
124 1133
1801 785
19 1163
733 1761
1842 1895
1262 1326
500 1853
601 1415
1076 979
1471 1325
1471 1810
1422 1130
1873 1665
43 1137
431 1210
940 1710
748 398
806 192
714 1125
126 640
390 452
510 1421
1342 947
42 577
36 1485
1855 1447
912 537
1149 448
367 716
51 954
1784 253
978 928
808 651
660 1168
1654 520
1120 962
58 441
265 452
1468 1736
1816 149
747 1647
306 605
892 1007
1440 1157
484 423
248 1471
884 456
185 815
1747 1709
1627 644
1385 1845
231 905
907 1485
974 1082
6 265
189 530
825 128
363 1807
597 1584
1179 1655
1396 992
554 240
1206 1830
92 1570
106 501
626 1365
27 392
1221 1914
597 591
1518 431
385 1538
1798 1911
1101 1435
983 1417
1344 1142
369 1421
1651 1484
1436 1168
1842 815
1516 408
1264 1280
180 320
516 1100
1584 1085
122 1639
1346 225
1776 1157
449 1434
1237 364
1276 972
485 559
1129 1645
215 1562
1111 297
1422 667
43 496
635 825
879 1636
186 1700
334 734
1762 384
1769 1379
930 1429
852 254
266 695
798 410
206 1000
1129 480
197 849
1163 1862
1446 691
1270 1715
306 88
509 406
240 211
940 1190
1749 779
1489 1584
756 1046
87 976
635 1597
293 699
1212 456
1108 708
1810 1495
1433 832
493 1672
1778 543
1159 425
1568 939
1584 1597
745 963
1574 65
1372 1418
1253 1315
981 1120
642 1055
1829 1028
641 724
1764 1175
1259 1231
1406 1868
1621 636
1406 966
1574 1712
363 1691
1236 537
691 210
1584 57
733 453
134 1047
207 1557
1019 119
364 343
865 1827
1485 1876
388 45
696 461
1748 1054
903 193
947 421
528 1721
1801 1813
1516 1469
908 217
1378 522
1885 1675
820 1510
459 1138
1283 1296
1867 1142
1224 971
962 214
863 1243
133 1094
1650 562
639 955
888 1699
463 47
318 69
993 1720
32 530
886 259
1123 1095
1422 1584
1784 379
351 134
1782 370
169 738
1320 1071
1876 1414
508 1749
455 272
620 1597
1297 1897
1483 1351
1358 1865
951 1270
847 798
1262 212
1742 1125
788 1267
1449 84
1375 983
1224 1758
830 948
1199 1552
718 608
1679 1466
1238 1257
74 1554
130 1915
983 495
1082 265
1300 1852
1513 795
61 975
1237 71
1284 937
583 1070
74 414
1013 771
200 1422
1265 1515
1827 1275
39 482
1814 972
1292 1702
1391 1303
307 1684
200 1222
1906 1219
1431 1136
703 682
831 1830
13 1411
803 1104
331 169
1751 462
1760 1645
1815 191
1789 1118
1404 508
65 1439
161 587
1871 631
1164 1745
615 901
1099 1740
1847 1853
654 1183
1394 1414
998 1452
575 1270
1726 271
830 491
1146 1027
18 829
9 552
327 850
404 1321
208 1140
225 786
171 1492
496 1798
1038 1323
814 159
157 1626
416 685
1053 603
618 1328
335 984
721 16
735 782
25 1270
1338 161
1452 217
1519 1291
883 1024
359 1890
422 1384
81 1735
1233 1181
608 1870
635 1044
1451 495
1278 1894
1827 751
761 569
941 1619
670 1285
33 992
264 1294
643 1653
608 1043
1618 552
1350 149
162 1544
1595 469
1270 62
800 1513
601 399
1101 6
582 809
454 812
1142 1840
1064 396
1040 1752
1146 402
992 1485
451 725
1738 929
568 481
49 255
1655 764
1315 213
494 650
1272 789
1841 409
513 712
1902 835
1642 1139
1320 666
26 684
1906 743
841 1227
1739 867
753 901
1175 1481
1496 485
686 341
194 1120
1515 501
251 682
1421 1276
1568 924
33 433
1839 506
930 1809
1557 257
1646 162
705 714
527 814
1431 168
353 911
296 1785
527 1097
470 492
1458 1245
879 1888
640 1726
1087 1414
763 1132
1592 585
454 1345
75 911
369 467
978 1303
221 1251
270 540
195 1785
1749 1539
347 1078
544 1595
149 1782
1704 1872
628 718
764 912
1787 1904
1386 1241
1818 1537
860 797
857 218
1428 1578
851 1658
1395 1278
1266 361
1457 1021
590 602
1509 814
1594 81
1514 1867
1817 1732
102 655
646 1576
235 985
1628 670
1052 586
158 463
1254 799
1787 691
1903 1435
220 1610
1082 985
1452 1778
1835 68
1196 1174
1593 838
927 167
295 1578
337 1462
1127 137
753 48
410 1906
574 1336
138 1618
1668 1287
1192 530
806 148
572 72
1118 1646
728 1818
1318 445
275 1303
871 1325
349 149
540 1485
821 1395
1258 532
1140 74
1844 963
1748 1643
506 517
1333 613
78 1893
1616 1815
406 247
568 344
1826 105
1009 193
435 912
830 1024
228 211
1538 1263
623 944
350 1640
530 1666
1326 165
1142 1719
673 978
749 679
1452 1567
237 798
904 314
1075 509
1602 1161
535 1612
1827 1034
528 361
987 1206
1406 889
302 1279
276 261
1720 397
1120 1871
879 1810
520 313
504 980
1681 920
1847 649
1214 953
519 54
226 22
1134 451
1122 71
1047 1879
1548 1744
1152 1204
79 1013
1302 919
187 413
988 287
751 31
304 477
1349 252
1536 1843
736 1234
1646 1800
827 1464
959 1323
775 262
145 1048
1488 238
370 1614
1705 1
258 58
99 1736
1047 1176
104 1593
809 1208
444 1855
472 602
1160 157
1453 935
1053 718
430 970
647 1400
1865 74
669 783
1597 1737
1163 96
1004 1567
28 315
1397 1096
334 1232
1071 836
407 602
994 500
1077 1299
1637 1306
1236 415
1566 1820
341 1158
1195 42
1040 1056
1498 632
698 674
373 435
311 535
1434 1803
369 425
792 1534
154 646
886 224
1828 149
1034 549
1631 1527
381 1680
905 1774
1161 1622
1309 210
1557 484
856 1796
1398 1845
1685 225
505 1768
942 387
116 1098
1120 463
594 1299
1616 630
267 764
642 436
557 1505
920 1727
867 1237
1125 530
1157 130
1370 473
1889 508
570 1510
1106 1485
347 471
1066 1363
1898 1582
941 635
388 460
667 973
1265 389
1489 1890
406 668
598 374
1226 1306
1673 302
1708 1183
31 1588
1656 1312
97 793
1880 74
656 387
797 581
1236 1381
709 720
1209 747
849 1770
1646 1235
1575 1839
532 1860
1540 635
182 1873
835 1201
328 1449
524 420
970 290
546 587
857 1638
835 1701
64 1507
1770 1187
574 492
530 1891
635 561
1530 690
1545 962
1183 389
1652 1352
1656 1270
232 1414
555 1168
444 1177
886 976
1175 1141
549 600
69 1647
1270 934
1529 1444
1316 659
1455 1071
1554 324
1333 355
1376 971
871 167
602 405
1005 1221
1339 797
319 1101
326 1177
926 592
1912 1899
1427 508
1545 1743
1610 459
1291 199
1270 642
1815 155
1733 1731
1438 1512
599 1300
172 790
1625 917
1604 1861
244 1568
381 426
1027 1672
207 1187
1115 913
201 758
1129 1173
1314 107
1363 905
534 972
1358 1613
456 1854
49 676
819 262
81 1315
515 1259
1280 784
59 1322
224 556
1497 221
1899 49
545 1163
759 668
550 435
718 1724
1798 992
1757 556
372 914
208 1794
1756 114
1500 223
327 1508
1851 389
269 1657
69 1843
330 1295
1352 1571
96 1633
787 687
1236 1241
540 1082
968 595
1900 281
11 539
339 896
1399 516
606 1406
396 284
1189 456
260 507
1791 912
1843 1683
888 1741
560 211
1231 794
291 687
644 18
1153 180
1299 179
750 251
817 1062
1631 527
595 382
865 434
71 141
145 449
680 1423
982 1044
103 1109
1047 1314
965 210
313 841
1494 579
1912 1580
1551 806
816 712
1499 1876
1241 739
1393 1648
975 125
289 1139
120 1738
1674 1393
777 395
1422 441
880 280
1408 1237
1327 1814
1899 1412
1070 1659
409 692
1434 506
485 908
1197 1658
635 236
636 664
1324 1880
1808 1142
283 1108
1749 1485
1759 1354
1873 1686
1572 113
243 55
201 553
179 221
1641 556
1883 1365
20 771
660 1411
580 1887
956 1848
1263 201
1245 506
516 556
1360 766
962 1190
636 104
1583 1762
775 975
14 83
460 1073
589 890
1740 1513
230 911
1752 580
141 1714
643 34
834 814
585 801
280 1461
305 1059
947 173
1907 273
947 552
1463 1747
125 1294
1720 1187
1578 1229
1168 1754
909 1160
1334 1344
1812 1500
1467 103
119 397
321 1040
1486 412
382 322
1413 586
803 1793
676 1848
677 1721
866 860
683 1550
1431 1176
911 289
1356 1884
238 642
1751 79
1599 1005
606 1656
811 660
1346 1656
217 557
671 1329
1106 109
65 122
1446 1703
1633 40
1349 1892
229 961
227 110
679 212
879 292
816 1140
568 1105
408 1239
611 1382
944 643
479 1837
1841 1689
526 1115
1006 568
1827 878
357 178
1149 1205
1860 160
312 1358
1765 1833
430 976
1128 1762
1488 997
933 187
48 1169
14 31
1441 443
806 418
1766 5
1354 125
66 516
1791 1769
662 1737
1805 702
85 1635
260 977
588 909
1857 1188
682 1340
1746 1551
1374 449
441 1755
1015 1187
1278 773
551 243
1535 1815
1678 712
1092 1582
282 1821
1152 1802
1192 1819
750 1094
1047 1082
1030 442
1047 1382
1443 537
1659 925
1547 1042
1806 590
745 562
108 1269
29 1751
59 1636
1827 900
1771 95
1029 454
1230 1003
637 576
1728 450
1752 1792
1260 770
747 78
892 286
1353 1553
1590 149
590 87
529 1611
1659 606
1721 1325
612 205
1327 427
439 392
1165 1436
518 1190
203 1367
1842 1916
1035 1355
1483 177
1726 483
1548 706
92 276
1270 338
1272 313
1627 1777
1401 1659
1088 1540
1240 396
1800 215
472 1018
419 892
492 742
681 103
616 1315
1477 424
916 1657
844 658
1914 748
1727 1067
1108 1753
370 228
1823 1409
1362 1082
598 1523
1897 520
209 981
173 653
127 706
363 506
1520 1821
1854 1271
1550 476
870 1713
1708 511
1147 1624
524 1017
931 1300
1103 1864
1262 1510
91 283
1894 1249
1886 657
1338 1063
824 1033
42 809
798 356
635 357
60 1723
1387 676
992 506
1041 1736
1330 178
1147 1356
1670 1472
1609 910
885 1894
1448 1721
201 1858
706 424
509 756
394 1867
1699 1601
1281 219
1587 266
645 1055
1348 536
491 1493
468 1351
744 1119
943 331
1247 1483
835 227
977 905
612 941
239 1622
582 1850
550 1102
1731 595
25 1541
1172 641
936 457
305 1170
698 1261
790 1141
1715 593
1293 250
943 1865
174 1200
977 1698
1495 1465
1030 1185
77 1117
1122 1474
1523 1270
369 142
1439 457
827 388
53 1356
113 1091
910 1888
10 236
1163 981
723 1480
489 938
670 873
1288 464
400 1657
174 1186
1758 1220
1880 1692
737 1406
1551 303
610 987
57 1556
512 1756
1152 1391
1072 43
594 1793
593 1115
1419 358
1013 962
787 1555
451 1436
1257 1572
1422 622
451 1542
428 391
1371 712
188 1843
1303 446
197 1117
1490 1553
1757 1305
1120 1086
1597 384
208 1293
1573 343
1126 1482
799 371
761 1510
717 952
1422 539
471 1763
846 887
1771 1263
552 533
1103 1008
1262 635
901 1418
992 634
46 687
1093 607
1513 527
864 1685
1435 1214
458 1470
647 294
981 902
974 1661
1314 166
986 327
1890 1388
635 174
104 1871
33 1243
82 1337
609 1913
75 1459
818 1640
74 976
49 1518
203 1089
1811 728
1207 262
1401 1717
1800 529
287 565
298 841
774 23
904 892
1664 1625
876 25
1513 1424
580 1784
136 1006
1191 20
902 56
542 569
657 727
478 1839
707 431
288 324
765 1162
483 840
1252 53
509 347
174 1277
661 1391
914 190
732 397
697 357
903 1344
1338 187
703 1341
882 641
1516 1856
525 756
376 911
1357 1512
719 1461
893 215
243 1351
693 94
208 1343
300 761
512 130
303 596
327 330
601 481
1011 954
1129 1074
818 1517
981 1711
464 1175
1445 234
574 98
1578 1254
1676 1209
668 1031
1407 512
1311 252
1278 395
1667 1196
942 65
694 1875
1615 49
912 1303
1030 1598
791 279
1216 149
606 444
1233 898
745 746
298 541
1387 1296
930 1589
1526 648
599 521
1806 1908
1752 1605
1836 1631
1824 1274
1651 1287
965 52
914 750
345 1144
214 368
966 3
49 1237
1630 1192
1353 621
1454 1049
143 528
992 1810
12 1249
1648 1804
206 663
660 391
167 100
396 919
1511 103
37 1198
888 1651
282 487
1128 895
1220 506
670 153
712 1643
313 733
1190 872
455 323
89 3
1052 332
1535 1810
1131 188
500 1612
1714 1223
1912 1074
179 1328
1215 1487
201 567
179 958
473 279
1300 1360
826 1392
1615 1289
1016 1163
73 398
1878 1861
781 595
590 94
977 50
317 1188
204 1401
578 895
1898 1033
433 256
1912 647
619 1710
936 375
848 1517
76 1518
987 1070
1351 1406
720 1241
806 1121
687 635
1806 1677
1473 1568
1632 342
88 1875
1722 1696
977 1713
334 150
695 1002
1710 1454
432 1876
1166 1320
1493 1167
527 334
691 586
1234 1912
755 828
424 1525
1375 1317
1558 1622
667 726
1171 20
577 1378
458 643
27 117
960 561
377 723
173 762
1762 242
1030 327
1395 49
1616 696
657 1631
730 424
246 1742
1874 1441
1090 594
876 937
1498 1481
1791 675
862 155
1244 1270
35 364
1016 348
71 1263
1720 1079
510 1913
639 1600
1528 1847
833 986
1478 596
1155 148
1687 1249
1052 1151
1341 1065
364 1796
638 163
797 1651
1507 855
457 1667
919 1290
1559 86
1278 1723
252 1099
1658 319
1419 1704
268 555
1688 473
1268 1881
1361 47
155 1732
344 1526
1532 104
962 1162
1504 512
68 148
1617 1395
1110 949
1597 42
748 627
1607 1512
1014 1747
104 1260
1444 901
118 631
412 1701
905 912
413 129
1420 212
80 347
1577 1804
1150 410
506 406
1356 1880
816 538
1912 1720
1366 1749
1180 755
1608 499
952 1016
704 979
392 1035
115 682
1763 722
202 1758
130 822
1315 1831
92 1534
641 429
42 909
755 852
665 1347
1168 424
157 1585
1476 78
207 341
1848 1863
776 1809
1876 1193
417 1604
265 1445
1693 66
1615 1108
1353 1545
1834 38
815 1052
690 559
1825 1262
266 276
1828 879
309 1296
1262 1337
1289 383
31 163
1273 1861
1088 1423
564 1531
411 1847
1865 663
1660 482
1780 918
1058 437
1898 102
1265 1876
1644 1125
1656 897
183 1199
679 1909
1728 733
1420 1390
976 1849
187 401
2 780
983 1657
1126 170
1766 953
1347 1569
1581 758
1175 1005
1671 362
1331 503
357 1175
1485 279
1450 631
1756 302
1180 1080
299 1779
1876 753
1765 1445
918 546
378 1192
952 1832
1679 1861
1518 531
1656 1140
1213 1067
1668 340
932 1495
53 1306
1058 806
735 53
1024 315
1389 1304
274 148
849 477
1721 875
433 1367
962 1346
620 1799
279 1125
1503 576
1286 510
1249 1012
492 71
1324 352
978 723
1726 1255
1175 1896
764 961
548 1064
245 358
1410 104
1784 422
729 682
1795 463
103 354
400 1551
644 1184
194 1649
1901 274
403 1517
1810 830
444 1701
854 1265
1838 148
844 981
1697 1611
1244 499
15 288
1644 131
752 574
1586 1589
1425 995
917 1856
732 299
1682 1105
701 503
1738 506
1069 1309
745 1694
872 1301
967 363
979 1716
775 919
1678 989
1762 689
238 21
1237 287
63 165
400 976
178 151
119 164
143 805
366 825
187 1663
1636 532
1479 564
991 930
652 1232
175 179
1126 1900
908 360
1005 1313
1307 1229
1435 614
369 1254
1023 57
1014 1736
414 1084
754 217
29 1373
1079 1453
1852 445
45 825
981 1834
444 1280
1196 980
1533 548
1205 193
1174 7
1596 1537
137 1854
1419 124
1351 711
24 1235
981 1421
783 1392
1039 435
891 472
774 1567
1333 1749
1898 1086
1263 1700
798 676
1846 261
1492 104
325 830
898 908
456 962
1888 1105
882 191
1154 1707
1071 1715
1669 95
93 226
72 1157
986 1512
1199 400
119 804
1852 899
1882 586
1711 845
843 95
309 1430
1353 796
1383 1157
1752 488
41 62
1248 1315
1120 439
646 1783
503 1836
1648 966
455 1120
181 202
1647 1824
416 1818
463 919
207 1156
858 1535
1900 915
135 1174
1775 960
540 644
1725 459
440 1910
1783 289
397 1845
839 1107
1406 1837
980 1143
1650 149
1308 651
1877 412
195 1140
307 433
668 438
639 584
375 868
1315 1434
1076 1114
71 1695
1199 715
1291 954
333 882
1705 814
1380 1662
20 1304
316 729
248 1546
519 563
62 921
1142 1329
1811 775
1915 1915
1511 1023
1311 252
495 879
933 186
134 990
255 1809
653 516
1793 80
789 266
514 230
1828 106
441 643
892 168
168 580
919 1853
1380 1537
1684 1619
241 185
297 149
1112 838
705 1544
777 1845
342 840
1209 375
1345 618
460 64
531 1515
1317 898
356 1163
78 1059
1624 1732
1114 1421
1092 1334
1531 1285
114 1378
252 1667
770 214
1038 627
1020 1155
920 1820
240 1176
565 1566
1297 1533
894 877
1327 10
1013 367
698 1685
919 422
443 559
354 1762
334 1248
558 313
135 264
632 527
1753 1385
658 1207
802 1626
1289 1095
1778 608
1789 1173
1599 1691
447 1612
1752 75
455 1706
146 1800
227 148
1607 416
724 624
1768 490
1697 601
1684 632
1059 55
1753 672
1784 27
573 29
1870 676
603 496
242 1081
1034 738
65 2
1337 63
1102 382
1286 143
491 399
383 1470
1332 1840
1189 1219
925 1261
26 428
16 679
379 472
1320 1719
50 814
192 368
359 266
210 1191
624 171
608 1310
208 15
245 957
1044 1436
90 873
1685 1801
96 1840
1089 785
1735 1549
1216 1167
1657 1505
1028 983
1146 1636
716 1680
480 141
512 353
1868 100
749 547
1321 1340
518 1274
176 526
429 929
1724 1741
1017 156
1278 1446
697 560
10 274
1461 185
1775 77
585 330
869 353
745 788
1149 1054
1246 1691
1222 1507
1148 1644
1834 22
721 883
867 754
1073 1320
506 175
653 323
807 1497
1135 1244
1154 132
1635 494
1438 782
1781 87
1663 680
425 460
1495 477
383 895
331 1736
379 458
1875 1258
37 216
683 1456
430 1185
860 962
1860 1020
1706 928
319 1655
1208 620
1567 78
1336 1694
1897 10
1758 990
1627 832
643 1119
409 1228
152 85
1154 1695
1297 1032
367 699
1715 1606
1641 1259
1858 1452
72 1032
451 215
1716 489
1182 447
815 1497
684 1779
229 1377
680 101
1465 613
264 638
1818 392
548 48
1710 1031
1588 274
799 703
1892 1809
1125 1637
1359 1767
975 1651
1655 317
1654 388
82 1780
786 310
428 1094
1817 518
1419 238
1643 1274
708 367
1512 748
789 1461
386 941
1381 73
196 108
940 188
459 1436
353 88
735 301
707 1381
1517 883
713 69
329 547
1055 1068
1131 946
1025 6
108 1857
81 60
383 325
1150 326
1225 475
1879 1089
816 576
730 1076
827 1134
1869 191
81 490
1088 866
1536 1285
1288 408
160 503
221 747
730 980
1198 767
7 404
198 1280
373 39
1861 681
1820 839
1738 406
191 567
1515 621
1422 565
450 1122
510 1153
1263 1590
383 578
1571 275
853 947
1324 1064
522 543
887 1717
280 226
608 1737
695 1351
1379 1582
367 776
746 1123
269 92
408 532
1300 998
1333 548
625 162
97 565
1687 269
1803 821
1399 27
1335 1098
868 899
1460 455
1536 250
179 762
194 1194
786 773
1195 1828
449 1360
1908 801
1879 1799
94 978
642 239
40 1885
183 774
651 978
1154 1848
952 1126
211 657
643 292
1097 1907
1825 588
136 483
466 1530
542 378
372 1308
1336 1898
784 353
706 1189
1162 1582
1843 1166
96 753
1470 1867
650 1880
155 367
397 270
1678 457
859 1260
209 605
1039 307
961 320
666 120
220 956
244 1062
348 1237
1726 385
76 350
618 1517
311 635
991 706
1862 1810
1049 557
941 502
235 6
112 1815
546 1285
131 834
1915 856
729 148
1210 1649
848 1024
1185 850
1038 154
1323 561
82 1117
1648 850
760 213
309 1719
95 1404
638 413
256 1243
1390 1358
1625 992
1002 696
864 139
567 849
1594 1556
1364 813
831 499
1737 1367
411 772
794 1127
997 93
632 23
1910 1369
1883 1105
207 907
445 101
371 160
644 74
860 1041
687 1102
1187 1742
1496 1047
889 1811
993 609
1845 1717
236 536
352 733
1464 1617
1723 707
1415 4
1064 526
1676 546
546 1137
1334 1524
941 1381
1675 151
358 1221
680 488
685 1232
160 967
1324 915
1691 304
591 1424
508 343
1063 957
1386 809
440 1647
1903 283
148 918
68 1888
153 851
340 220
713 201
421 399
882 642
1501 668
160 1496
1195 1257
312 1165
538 101
808 602
1441 1618
1808 1610
829 1794
595 554
1179 1563
1626 68
336 1230
428 1038
871 320
1656 1102
1334 1164
1678 1049
1866 599
1170 1439
1899 132
1376 769
1859 1447
1310 913
1495 1103
764 1475
1835 1287
1515 328
247 35
129 499
1277 1399
1743 1030
1049 526
1473 830
318 1669
1548 1670
1424 1257
655 1762
723 295
874 1646
1613 403
690 940
423 935
414 1286
1600 1542
848 698
764 434
955 320
1890 1324
1663 169
979 1057
1002 239
1471 167
440 1235
1745 739
1252 819
1697 396
231 43
1856 100
1409 29
604 522
1206 1260
1484 1431
774 1783
425 1426
20 1131
129 800
1008 336
1796 768
599 1219
1220 1515
1396 669
1855 1062
1860 1129
160 852
1903 1163
941 1255
911 1300
1255 1546
1819 884
1539 421
1646 225
1735 1845
654 292
251 1611
1164 100
363 1048
1716 343
148 74
563 1664
1037 225
1845 433
939 1296
541 1457
437 1600
1655 986
1703 2
526 542
73 40
1032 1072
59 968
148 855
1833 1283
246 1664
597 1041
1232 1311
1768 858
378 995
1048 92
768 1069
905 1229
401 1364
1308 1706
1775 943
186 148
1642 1096
338 1723
979 465
1152 253
577 929
880 444
341 148
1417 1598
194 1331
587 447
629 381
159 1120
277 684
305 951
343 910
737 369
1671 1495
1084 47
908 887
789 1331
869 678
1689 346
151 1697
244 327
685 1133
1174 1453
917 1373
302 667
484 1154
59 308
239 970
383 1131
428 454
368 407
940 291
1521 1541
864 1391
1839 1034
1022 1582
1064 632
1314 717
615 955
293 359
1006 1600
917 1631
710 506
326 444
1064 761
569 1214
1019 1775
421 1126
1177 379
7 1131
1541 1622
1561 11
1244 1260
917 620
244 1510
1293 418
1524 1902
1243 325
1372 1383
1711 17
1016 1822
1726 1398
674 1215
457 1055
197 9
594 1603
1161 1524
899 1384
1498 394
1406 1136
523 1407
1593 404
1690 1691
1649 179
1629 901
1816 974
956 33
286 928
1212 1009
100 1901
1123 1799
828 736
1078 1311
586 735
1203 1503
1410 790
213 806
957 1586
1086 1844
56 655
1627 1407
1517 144
971 302
1574 1851
703 1199
5 1862
707 1043
1314 512
1786 1012
847 239
534 938
704 644
171 410
1533 73
1077 735
219 629
812 1091
1696 954
323 1070
241 1469
1586 1100
1742 36
231 1821
634 1883
1481 815
39 1815
1031 541
1645 1380
1377 1043
447 13
1303 916
296 1345
1845 1470
1134 1343
751 490
1102 133
184 1405
647 253
1632 73
495 789
1024 1185
1822 963
497 1258
1534 59
983 888
1067 1895
1898 686
51 1457
1141 1013
1452 1443
1595 328
1064 1408
1528 177
1744 82
1161 1476
1164 597
757 1836
1558 1781
1120 1669
1486 640
652 412
1297 1168
1826 776
1664 789
1366 453
1047 184
578 204
1201 1038
1285 1085
1899 509
1436 840
977 388
795 1899
537 73
882 294
1723 585
766 181
564 1382
1101 485
446 1584
100 427
657 607
905 1660
208 1347
383 1063
1393 134
29 1559
604 199
673 735
1246 387
1270 92
1061 1372
196 235
1700 1813
655 1241
292 1893
887 1605
1635 1331
972 1050
202 729
612 868
905 1273
1400 1358
669 132
1374 1841
1912 1427
1369 754
447 45
28 526
811 1533
289 1518
1242 866
256 760
1780 1514
1329 675
888 254
1562 684
1834 1560
1474 1460
1643 1524
1650 706
1513 443
1459 1741
544 361
1477 673
804 807
267 1299
263 1412
1820 932
1244 588
579 471
1159 406
128 1311
1087 126
258 918
1846 949
1591 742
1251 932
1551 440
123 195
1887 771
1471 853
655 164
1470 1023
390 632
96 1545
221 875
1829 1634
793 1237
392 787
239 1829
1309 6
887 1702
1698 1637
1114 1658
289 754
447 259
742 1383
456 526
672 1860
521 1830
923 303
1729 502
281 1275
553 1296
1747 1296
1636 850
536 1084
962 1145
502 529
843 1496
534 211
1422 332
625 1245
1502 722
285 88
559 1493
1771 491
195 1553
1800 1282
890 634
822 1675
1697 474
1153 1660
1545 41
69 164
320 1258
190 1779
1643 1841
570 115
1033 1367
1154 480
78 544
713 617
160 652
1500 75
1603 1465
517 406
719 1803
492 1891
1136 498
374 1608
797 219
1669 547
389 748
550 1128
191 1005
888 1779
1758 1754
827 545
1610 451
268 1428
1266 628
173 2
423 249
1339 1759
1111 1126
391 425
1453 680
108 357
352 955
420 1301
1115 1614
1604 368
969 149
1164 1383
1579 1278
1646 1295
145 486
1300 1450
1751 1179
568 844
1682 745
888 937
407 1913
1075 1346
1572 1062
1360 1209
1344 436
912 69
1073 1809
167 606
892 850
467 379
718 86
872 897
1740 1154
1144 1042
1265 1785
955 1450
453 1193
947 1470
1870 149
461 1016
1705 1375
1712 1812
1122 434
54 203
1015 1269
316 1111
1702 115
1011 26
1296 290
1360 185
796 1856
1072 592
157 1271
1837 950
429 1438
789 1465
1485 1131
708 470
1763 209
57 82
1043 566
1443 1247
308 1305
994 1040
781 301
949 1630
1422 1
115 1322
863 407
1431 1313
226 1548
564 1243
1149 185
1827 1436
477 381
1798 1360
1721 1264
900 808
1670 556
1452 941
1793 406
182 667
1074 380
1458 1025
653 1523
670 984
509 217
1375 1204
679 953
344 370
1073 578
1896 407
532 1664
1309 1395
1740 1121
986 1462
1462 916
1181 1336
1799 735
1063 431
1772 1274
413 1637
1688 83
503 395
1426 576
1860 11
518 1550
1457 481
1226 1658
596 1367
70 444
872 1220
944 554
1784 1568
1644 175
1764 287
929 1878
615 1050
1364 1321
838 1035
1594 1613
673 1307
1020 1330
857 1109
892 616
431 814
610 1440
34 342
385 178
1291 1774
1388 1879
1305 1267
431 1323
981 1299
1552 1891
1215 887
1461 1236
394 1114
1426 1136
444 868
28 1681
94 465
902 164
507 416
673 914
384 1307
589 1739
272 1334
731 464
846 582
478 369
1555 760
105 392
1522 1871
1024 19
768 1471
1107 1000
297 1861
299 167
1776 1913
1212 1441
1075 836
1814 856
1270 1004
265 491
359 278
1601 1643
1433 444
1098 535
1290 853
499 1073
722 683
1838 1184
778 1335
988 38
20 1657
1038 1119
1795 243
1883 1735
932 67
98 1662
1639 392
1252 1761
31 28
927 1457
270 1104
648 1183
3 1363
405 1297
866 126
958 1541
233 1020
648 1102
1716 1490
1694 504
1169 308
1347 974
1154 930
1349 826
10 107
335 722
1392 1411
1683 1491
71 160
1271 645
1228 99
1764 147
109 261
605 870
1472 390
1727 1793
711 765
1748 1199
833 492
1338 1059
547 1701
1065 850
132 1179
161 1446
510 1491
502 1223
1042 102
595 1763
91 368
1057 1007
823 1231
633 329
545 1364
1289 1887
1587 238
171 1784
1197 999
742 1503
1718 547
825 569
750 910
52 1038
109 208
815 1527
1147 571
272 1246
1791 557
809 1407
1707 1685
1383 843
296 417
949 1236
1804 465
1789 1175
303 544
990 1164
377 1769
420 1329
1882 1299
1413 621
29 817
953 1876
843 8
551 643
964 1330
1637 1071
1232 899
1242 1234
76 1662
866 695
1003 1114
1760 253
818 1865
851 776
1560 576
1838 1275
1113 776
1609 766
908 224
1653 1398
113 648
632 1431
984 623
1010 400
1278 1497
951 452
660 1328
770 843
1368 1112
1033 1718
425 1306
808 726
973 1232
1281 1636
1453 955
253 28
479 197
1063 1116
1830 1238
1351 478
252 234
862 1606
518 603
1775 424
404 1538
240 635
1877 215
1570 21
655 857
1155 46
1233 1851
1672 780
1524 766
834 1154
710 1246
758 1499
155 284
1086 1046
1536 985
444 864
486 1203
196 812
1326 766
602 1185
1342 732
714 1005
931 353
1620 763
506 757
519 1791
725 1543
1335 1528
857 1357
189 1136
1703 511
1224 1612
728 1567
1485 416
1008 1795
487 964
437 1665
969 77
555 75
1470 186
720 1882
1734 1210
675 353
708 24
432 916
1832 340
259 1722
1895 777
1096 1154
705 371
1780 602
1341 657
1489 1768
1662 1237
624 1732
1906 1739
822 1873
1567 1787
1625 1743
1364 1839
532 300
885 1056
216 932
564 415
955 142
957 388
1571 1788
748 924
1319 755
1638 1179
1316 245
856 1189
1706 467
220 1822
727 856
1271 137
279 1741
1083 1383
1572 859
1503 1755
1530 94
312 689
854 1087
191 1298
1089 21
1596 1849
1905 1762
1461 1380
1773 1853
1661 83
248 1571
1242 1565
1245 321
5 1138
1812 1351
1887 1902
643 1508
833 1021
1192 755
1334 958
1147 829
575 987
204 351
689 1756
1217 283
1765 1499
735 447
1080 1062
451 1029
172 1596
61 684
680 593
152 1793
1585 723
132 694
947 838
488 550
483 970
378 14
1336 1307
999 337
66 1766
667 1412
656 116
247 297
651 1575
553 1581
578 1557
951 1824
1420 823
453 1045
1087 81
1186 1767
66 1221
74 90
288 1397
447 1742
845 1812
868 1900
1217 1540
1852 158
1894 1238
979 1852
1344 565
1746 505
1434 1722
663 1154
1592 1650
562 635
1602 1643
1407 1435
188 43
1757 1477
688 1879
181 1807
68 731
1710 976
724 1233
282 1201
990 1031
630 787
893 1049
546 185
526 1551
1691 1292
1211 1202
63 1605
1864 1066
1451 1017
1750 118
1380 578
826 1390
105 272
605 347
314 1224
707 955
577 1099
561 925
1364 111
1838 349
560 1319
1881 35
394 1423
1763 693
1635 127
575 1047
1482 1773
1553 735
876 263
1106 601
117 1389
1411 1315
1407 1640
1773 1344
1673 130
1249 63
180 1494
1912 394
1662 1318
86 655
824 1190
1634 896
635 661
119 490
397 792
222 1132
1219 684
1226 1082
1487 578
827 482
1899 1262
324 1227
692 1056
1280 1407
1245 1370
866 1806
1702 121
163 1676
684 1478
1800 1350
1580 33
605 765
1416 206
1253 1877
1123 1590
1319 209
1588 49
193 910
1852 1180
1196 531
689 727
434 1823
1860 966
1457 1583
1486 862
821 393
889 1423
1495 779
1704 793
1245 1877
1531 1886
1850 1341
1018 706
137 1732
577 835
1375 1470
1714 1413
476 1568
260 1867
1245 126
120 677
786 1365
1450 1795
150 1129
475 1038
1140 17
1845 130
1789 42
1063 790
1038 311
38 1830
156 1911
982 798
810 584
1321 1221
183 568
1740 628
979 641
605 583
1225 936
1228 1449
908 174
85 637
1203 355
1724 410
940 62
1840 380
17 541
672 320
1039 1381
191 1115
1346 1877
1354 1689
98 1093
1469 1428
777 677
446 254
1414 455
1112 462
394 1726
148 1842
970 1398
619 990
1483 1861
1613 1646
1488 1541
122 215
1691 47
1433 1888
1124 1615
1882 833
1000 548
1567 1139
1079 745
1334 841
1256 875
1282 894
1037 829
1160 864
1543 833
392 1328
1887 791
745 1378
1729 824
572 1461
1413 578
1371 1418
238 1435
939 598
8 1906
501 1469
752 1907
1598 1842
1132 176
172 600
1394 1626
990 1038
1243 1468
439 1800
1753 271
106 662
843 297
1799 1348
1638 1014
1618 162
1848 1782
1830 1077
1864 522
1889 921
1564 1126
1864 1320
1143 1390
1073 1462
1182 934
367 1869
982 1383
786 1131
1545 1012
1735 283
468 931
1452 1259
816 1907
530 634
144 1864
1865 306
1043 1652
1207 1517
1535 494
1178 1404
1461 1102
663 732
1638 1872
709 1798
1699 1847
1325 97
1692 970
1592 1304
901 899
1167 1670
200 194
186 898
280 1589
834 1435
1387 701
1904 631
628 334
861 552
566 1464
800 1522
12 1726
665 471
1524 856
885 148
229 1519
417 1770
566 1662
1426 1547
126 1293
1241 1352
1191 19
1681 842
62 1666
515 396
707 188
1110 510
1700 1806
1444 1111
1059 1038
875 958
895 862
776 204
926 981
1454 1001
1591 1720
1408 1837
1545 1371
404 524
1171 1532
262 1888
777 1679
92 257
1732 1339
929 333
1276 1043
969 623
904 428
297 249
545 204
106 1633
482 1709
404 442
132 1411
1797 945
820 392
1459 775
668 574
1716 71
1455 1687
30 325
79 1349
639 1862
1877 1250
1789 1023
836 520
1845 1526
383 1403
1027 545
8 1569
675 1369
166 1860
890 1425
631 864
1628 210
419 1733
366 1511
116 1551
1656 1302
965 602
910 954
530 1156
878 1407
976 165
94 1706
614 961
1407 577
1274 1442
1638 339
197 46
1626 759
1330 1797
333 1166
513 642
281 1856
1750 1831
1854 205
364 1036
1558 601
1053 652
54 324
232 225
1037 741
53 195
758 1527
62 1708
659 1691
425 247
1681 183
1033 745
417 691
1466 84
1016 1402
1245 1888
1551 58
1389 649
1064 902
1828 1185
216 144
443 1090
280 540
701 1677
1265 295
1448 1809
1224 270
477 735
569 1413
737 886
1377 1516
1389 1189
597 1725
1127 695
573 990
315 447
1735 1058
1847 1423
1268 1553
1576 942
383 1802
254 1874
1235 1211
903 365
93 1616
160 1033
922 645
152 584
1479 1586
1033 1914
1158 1621
843 970
689 830
859 1355
1545 1784
1199 206
744 1136
903 1602
1805 1007
1678 1356
2 171
590 1120
970 434
425 474
942 34
1846 818
1830 1674
1421 1291
1178 301
1877 1480
374 147
1534 1151
78 1463
110 1736
1486 756
578 843
990 1185
1799 1790
180 473
615 469
999 655
120 1366
718 125
1909 144
1347 1749
44 80
1822 1496
1130 450
712 1205
471 90
1608 249
1803 618
969 414
864 448
625 1793
448 622
213 636
869 1320
1000 760
1240 1567
249 1439
1272 1237
383 1043
1198 1722
528 477
1471 1265
188 251
17 1200
891 474
1775 1157
110 239
783 489
1454 132
959 1006
302 399
752 1597
1644 881
1726 1010
1737 1218
1680 986
1036 311
1659 761
7 1429
1545 84
528 212
657 663
1660 909
107 320
1822 1730
1076 455
1646 869
1438 493
715 394
1131 803
1279 715
1451 1398
1542 1040
138 227
283 1880
1560 917
1760 187
948 1684
653 575
827 769
1632 805
843 1804
324 1462
218 1083
16 278
1647 1060
609 597
1675 1582
1672 896
1470 1746
444 1154
1749 26
237 27
578 1799
951 124
34 1693
1346 828
1288 122
1773 823
1509 763
325 435
964 763
585 1052
1186 864
1217 1908
1186 4
1096 376
898 1777
1887 558
1026 46
1652 1445
1231 25
843 491
196 191
1623 1738
1689 1236
1577 921
951 1573
1416 1362
233 1831
1731 1008
1433 93
1411 1199
808 377
837 734
624 626
618 426
1426 1529
533 1837
140 1706
642 611
939 1859
1803 500
175 1294
677 209
1494 657
1426 485
298 1390
657 362
525 582
1688 1826
1397 88
1884 1682
695 1158
555 360
89 962
625 1543
1287 1223
825 1432
3 320
1854 772
1649 1572
147 740
1144 795
402 102
920 1401
93 1108
112 372
207 1571
443 1390
928 1015
1717 1344
1201 743
59 1524
795 1833
1033 1213
76 1713
653 103
1828 996
342 1433
672 1006
734 1430
163 1577
1239 59
18 1181
1164 273
40 1353
186 463
1127 398
1728 894
707 1819
573 171
1171 851
1645 1254
1237 1228
383 865
1264 1606
1081 1534
406 610
410 1863
1205 564
106 1124
668 910
701 990
1758 1437
1133 1520
664 495
1504 960
164 960
121 555
1506 1548
1831 223
1497 1237
582 1801
370 1630
1554 325
1611 683
1507 827
870 1118
682 385
1274 1284
951 1691
280 1380
1064 1380
170 1114
1882 1668
899 389
1761 1839
1467 1319
1033 438
298 272
975 1608
160 1030
581 1003
1142 789
1844 2
311 514
1225 1686
1172 1890
1361 247
989 1001
640 1312
1533 1578
906 147
1867 345
1560 172
1407 1733
368 545
1492 667
248 702
1676 700
1524 32
909 1525
1301 322
1059 1296
228 1010
1800 902
1047 411
677 1862
1188 502
149 413
1877 861
1790 671
414 276
1383 444
837 1021
1287 1051
92 1716
907 577
1726 510
539 24
1260 933
1792 1751
1098 1064
816 549
739 1707
646 1359
104 522
