3
514 513
374 180
457 131
333 272
470 217
45 414
243 407
346 430
12 253
27 112
43 278
177 78
318 26
465 405
117 155
484 364
58 506
48 349
198 487
373 281
468 54
365 501
33 238
323 237
229 421
478 90
436 166
397 274
18 53
86 44
438 494
98 174
40 122
230 140
164 75
143 6
274 361
282 12
293 267
244 436
349 246
464 492
357 365
291 461
10 363
501 513
251 228
386 212
138 65
109 319
336 371
465 416
97 495
375 135
65 116
258 136
302 269
466 506
236 196
220 185
181 422
314 502
43 104
452 61
479 80
149 334
182 117
327 204
426 202
313 329
471 63
431 404
28 442
98 511
131 453
469 454
168 510
110 380
178 425
335 232
250 444
123 345
175 329
339 395
438 441
413 130
394 173
414 424
482 404
105 172
210 34
205 46
350 362
280 179
13 382
161 222
288 286
113 118
385 8
458 396
463 359
475 290
264 185
405 204
270 338
151 180
107 147
445 380
210 107
233 284
354 512
356 3
289 152
194 312
417 362
123 472
474 272
313 66
401 16
287 218
1 235
259 310
477 153
402 340
189 393
33 21
51 35
24 252
263 505
434 314
303 307
500 139
298 353
382 283
369 297
510 240
275 317
186 316
256 411
96 241
234 279
507 126
5 424
321 162
379 114
296 81
427 249
435 58
124 444
437 278
389 31
230 288
46 56
241 170
475 325
50 252
298 54
306 473
37 342
381 409
139 243
279 205
351 101
196 276
292 63
32 148
480 17
352 26
456 304
295 407
34 390
330 53
503 442
211 331
497 370
461 392
7 87
328 128
113 488
134 226
271 90
427 514
186 192
231 390
134 78
242 504
423 223
218 247
391 94
231 324
75 464
368 127
101 72
104 348
403 67
484 38
228 455
158 25
76 420
144 211
359 378
353 221
323 262
115 292
469 422
326 72
83 273
332 41
88 42
502 77
232 23
213 420
229 478
432 125
14 285
86 25
307 70
225 308
509 137
485 372
290 339
22 471
126 402
269 244
462 509
277 19
146 467
316 456
449 68
100 294
15 490
251 189
167 91
132 82
11 364
381 460
499 301
356 304
347 360
128 406
355 491
36 335
82 103
57 69
383 472
473 215
49 347
183 103
448 384
498 143
363 110
18 486
366 184
337 383
374 108
84 268
190 481
22 89
435 477
398 99
467 284
85 35
193 450
459 366
250 28
116 81
171 2
129 227
30 64
36 71
322 317
118 439
91 419
445 124
263 333
222 200
217 418
430 376
311 52
440 164
111 13
514 37
2 157
121 418
367 248
354 416
322 409
226 235
183 305
399 388
115 341
38 216
142 206
62 165
237 4
160 451
417 299
387 238
493 133
408 309
142 23
39 119
120 206
428 182
500 220
92 208
50 55
157 188
108 159
343 371
294 32
5 236
295 384
195 151
331 30
486 83
106 7
400 145
105 254
227 16
308 459
265 421
111 100
199 56
73 51
213 415
88 361
179 57
338 42
41 425
441 258
40 158
192 283
410 197
265 397
259 447
195 296
412 270
391 149
341 413
176 27
21 68
161 245
29 93
246 257
80 245
102 491
102 429
135 440
223 281
19 165
154 447
346 45
387 489
439 398
499 268
377 147
60 155
372 224
373 315
315 261
8 202
512 376
190 286
59 96
483 310
1 511
47 84
136 326
277 170
95 69
463 150
378 396
355 476
212 59
9 352
423 64
297 70
169 55
393 112
426 489
275 474
458 66
303 172
462 260
163 271
150 325
208 299
419 330
125 342
159 400
266 215
148 203
470 302
216 327
137 224
452 498
121 127
141 203
256 130
144 11
260 503
141 446
479 267
95 443
10 287
171 255
395 219
321 300
207 496
490 324
357 177
360 433
239 140
52 167
410 201
344 319
242 403
233 162
188 433
198 261
221 89
17 3
451 482
169 340
187 120
264 254
253 207
175 225
358 199
77 160
191 481
197 39
337 266
257 379
255 320
122 181
334 20
106 20
152 483
201 370
93 466
239 504
129 487
280 431
309 406
389 133
168 166
428 191
15 485
434 209
336 492
209 345
249 85
411 388
392 497
375 508
273 305
14 412
146 44
138 94
488 455
48 443
429 495
386 145
369 200
344 468
87 154
214 446
332 276
448 367
71 385
343 368
399 453
300 513
187 60
99 119
153 351
176 114
293 320
262 73
311 29
480 312
415 408
61 454
432 156
450 306
328 508
285 358
291 67
193 178
301 449
74 394
79 97
31 24
401 156
214 460
282 494
219 74
457 9
6 92
437 62
496 234
132 47
76 173
377 4
289 163
476 350
240 247
318 79
493 248
507 348
49 109
194 184
513 512
90 378
162 214
117 496
504 497
462 6
460 63
460 461
269 464
427 133
51 347
99 470
415 443
91 9
80 145
470 453
301 291
380 211
12 13
452 324
480 48
37 19
68 223
95 350
382 203
411 101
104 9
457 466
444 18
487 243
473 412
321 30
42 261
279 330
158 307
409 366
20 298
193 379
266 486
48 469
241 302
72 75
489 294
160 92
125 239
383 266
235 327
345 224
257 451
225 166
140 318
208 226
362 92
324 495
252 392
270 364
338 276
71 468
334 232
62 442
67 453
389 348
500 136
202 386
264 259
448 374
339 183
13 180
228 331
447 327
203 273
94 215
482 281
87 124
245 379
483 494
429 353
386 190
286 95
36 240
43 316
377 147
390 120
150 220
366 342
17 187
97 362
57 154
96 375
308 131
205 458
101 426
149 224
190 261
325 10
229 437
64 51
505 198
50 284
293 264
58 209
102 118
59 468
301 235
122 204
385 111
146 335
237 118
174 328
475 163
178 299
194 370
12 228
161 127
414 69
483 178
317 465
84 98
413 152
311 508
503 277
16 119
286 98
323 71
278 10
469 418
272 29
129 472
254 171
183 161
32 457
276 55
170 464
79 100
372 506
438 391
357 349
416 17
102 39
493 348
400 1
459 434
408 34
56 166
434 251
467 285
155 260
463 305
313 250
218 23
466 454
403 27
182 414
326 177
152 310
459 510
205 333
410 105
154 64
267 388
15 73
93 331
415 479
452 234
85 370
401 279
429 435
450 361
283 177
52 262
403 32
442 406
349 76
381 53
447 181
82 151
445 332
435 151
206 347
100 433
150 365
405 387
315 491
201 185
368 184
465 60
219 417
231 342
60 47
107 246
419 284
446 68
351 106
44 36
49 315
97 281
333 352
74 395
162 376
254 168
7 476
142 42
398 114
346 481
419 320
201 289
251 15
341 364
172 378
148 486
105 41
38 21
310 399
96 280
213 4
513 430
89 394
321 133
260 179
367 40
288 200
381 268
407 252
87 509
188 421
83 29
339 432
7 316
309 274
188 121
210 4
302 257
45 294
207 108
488 320
300 448
384 67
490 86
263 389
222 401
493 278
268 477
106 350
511 405
5 462
479 499
346 173
292 380
458 22
25 56
156 394
45 356
416 197
137 129
39 359
69 356
103 491
428 494
72 368
373 37
371 198
93 46
247 513
454 26
182 496
241 140
122 2
210 157
361 227
505 373
117 317
176 306
311 174
428 297
50 173
146 253
226 185
244 120
22 130
424 499
90 329
156 249
501 263
116 436
353 58
41 34
142 82
337 384
376 134
135 398
175 137
503 112
292 417
153 208
400 397
171 139
334 404
3 193
471 170
212 271
189 20
28 319
438 65
506 318
418 53
123 322
33 273
512 507
507 197
344 165
360 220
393 139
59 148
207 196
192 75
23 138
446 155
481 420
372 335
319 382
436 477
441 121
325 402
11 66
424 110
194 231
112 62
265 212
19 312
26 126
136 304
113 437
422 408
91 33
344 304
2 455
390 402
221 167
21 73
84 215
461 375
336 296
291 337
138 16
160 159
374 168
169 312
189 423
14 432
323 352
70 61
255 492
86 404
191 308
283 11
229 202
267 439
502 354
238 314
38 181
78 498
167 449
363 130
480 6
393 369
79 485
187 217
289 309
218 61
296 223
169 396
300 510
298 357
143 78
328 108
277 329
128 354
70 18
497 475
211 287
204 269
255 63
314 360
473 195
358 199
239 54
111 444
49 145
127 242
287 88
24 431
195 244
445 363
253 303
275 134
109 184
250 186
256 236
236 431
199 463
230 77
282 338
443 175
24 233
422 433
74 397
25 307
423 249
230 501
43 103
439 488
31 123
40 180
126 81
52 271
467 28
293 114
440 430
474 351
326 387
440 113
259 332
484 85
243 391
377 371
213 487
222 81
395 489
297 47
55 80
186 110
232 196
274 3
66 426
83 209
365 246
427 495
128 54
399 192
109 8
478 240
509 141
258 330
367 425
119 89
451 124
512 176
275 383
234 94
163 158
343 57
421 143
500 385
280 116
449 258
125 282
77 164
411 392
490 149
191 336
164 358
159 247
305 165
237 147
219 478
456 485
141 245
35 472
369 412
242 272
299 413
359 388
225 99
153 425
256 27
206 233
306 290
265 115
355 35
270 132
406 455
248 200
492 345
144 313
290 303
88 295
340 238
409 65
44 46
288 14
511 216
410 355
115 341
482 179
216 471
104 144
5 214
1 172
31 396
322 221
132 450
131 441
76 248
135 340
157 420
407 107
8 30
227 474
217 262
456 504
484 498
476 508
502 343
512 511
345 153
152 151
286 439
82 188
205 230
229 343
387 481
58 482
340 187
354 383
131 320
422 510
270 409
160 309
110 40
356 135
176 241
193 295
258 254
301 494
374 321
156 106
380 100
50 57
428 246
472 419
435 123
260 469
114 357
328 318
357 201
303 13
474 128
48 206
414 427
376 358
233 475
138 288
23 430
227 470
88 302
148 197
201 113
316 447
111 411
417 372
283 305
180 461
66 146
219 348
58 285
376 379
97 341
240 336
68 9
186 408
298 45
197 103
64 2
231 10
334 150
446 196
1 221
143 462
397 247
4 86
258 443
43 488
359 176
445 69
93 215
430 255
476 437
281 267
119 475
344 311
335 175
478 347
487 168
304 460
134 297
436 333
460 166
141 224
299 280
440 65
450 169
465 178
116 105
371 213
394 495
457 81
271 182
27 134
497 289
84 480
224 121
375 309
108 13
434 243
323 18
412 387
368 496
404 172
77 4
23 315
451 216
168 115
291 147
431 325
158 101
473 330
89 469
461 131
407 39
80 360
341 244
328 373
99 495
46 313
26 41
101 57
330 210
186 190
393 206
76 316
67 125
53 126
90 114
118 477
468 8
51 470
161 130
369 301
3 335
511 284
372 389
34 418
47 191
203 464
499 73
255 355
426 199
326 94
77 65
340 71
43 505
380 233
332 160
107 6
185 445
200 170
59 84
320 208
434 145
473 213
98 202
465 139
243 261
381 135
29 181
277 487
157 353
245 414
226 384
410 287
292 339
48 33
352 83
121 190
471 370
325 25
122 10
189 362
32 300
19 453
485 204
64 124
161 203
129 318
486 111
344 171
163 479
503 209
242 391
78 455
474 370
367 181
127 449
263 123
83 9
70 208
229 238
350 314
286 41
78 178
355 505
216 140
395 141
104 402
125 81
315 438
133 439
29 459
400 20
412 16
144 183
305 212
462 173
349 448
74 420
12 239
508 346
326 85
38 464
214 351
308 36
128 155
104 33
153 425
424 100
67 459
480 400
324 348
427 118
393 356
46 21
364 419
421 221
112 156
329 219
466 322
392 511
185 362
395 361
49 90
373 62
361 133
410 338
18 44
428 76
267 502
248 454
198 47
5 205
506 436
60 169
291 177
14 228
360 251
262 167
61 383
37 22
482 210
413 334
88 338
89 195
245 109
179 207
429 87
87 411
456 6
308 17
137 423
319 398
456 390
237 477
61 345
132 124
274 106
71 214
417 493
142 130
117 507
404 159
272 346
342 112
307 371
378 359
257 165
11 5
384 49
327 196
97 512
187 491
56 512
368 499
323 148
75 336
55 155
173 307
279 290
184 99
62 431
322 8
377 358
352 379
366 39
259 275
180 162
350 95
137 250
247 452
86 413
299 44
454 466
20 35
375 313
66 324
354 126
416 421
102 492
102 268
51 184
110 63
388 392
498 60
200 94
494 17
270 28
138 194
401 277
367 226
171 463
276 150
382 96
509 207
251 377
312 263
211 232
331 174
191 236
453 91
378 508
120 290
403 116
496 415
374 166
222 241
74 458
280 35
119 139
257 147
399 230
425 302
115 386
252 391
467 287
297 385
244 45
449 416
471 310
448 333
405 75
443 424
183 342
273 479
91 502
164 337
382 485
3 261
363 253
396 493
292 294
337 285
218 154
194 53
265 483
447 484
441 397
491 170
296 269
235 415
432 217
433 488
498 144
12 394
296 26
444 405
295 22
249 509
96 252
489 142
143 193
437 198
492 152
249 306
501 236
398 246
36 490
209 264
146 85
339 54
15 82
54 317
423 451
162 223
132 202
30 438
293 72
507 177
211 264
306 167
500 432
136 254
273 80
34 298
157 120
174 188
265 159
401 385
463 262
442 212
19 433
93 31
222 476
269 149
225 281
95 172
182 426
218 259
2 266
16 92
55 232
276 283
500 446
127 175
268 250
14 220
24 312
303 52
154 204
225 192
73 238
98 501
72 231
274 481
478 223
109 329
40 234
455 402
92 304
145 504
388 429
149 79
237 282
32 483
472 506
396 136
163 1
289 399
452 42
389 248
364 215
59 386
7 310
365 30
279 347
458 195
256 151
300 293
31 260
457 441
435 486
165 50
113 52
278 407
319 28
25 240
217 68
294 234
365 390
179 42
239 440
235 253
38 406
27 314
21 189
442 199
288 266
282 227
381 418
332 275
105 353
103 489
420 490
497 158
321 504
220 79
192 510
369 363
468 117
351 349
63 69
366 140
467 56
408 11
317 331
327 406
409 15
164 403
70 242
24 272
484 122
228 450
311 422
284 129
256 37
108 271
278 503
107 444
