3
114 114
102 39
72 41
70 4
59 105
17 96
82 2
95 66
25 41
51 68
17 111
16 63
108 7
102 63
85 99
26 17
69 3
27 60
49 83
39 30
107 62
6 100
45 112
57 72
67 113
102 71
40 80
98 24
97 33
10 101
4 40
20 63
48 26
50 64
62 13
63 22
39 29
99 81
108 63
46 7
66 92
9 109
75 86
82 79
63 12
70 51
19 74
70 58
98 1
56 114
32 84
39 59
60 112
99 39
2 9
35 104
65 53
23 35
62 45
36 88
92 54
73 18
62 70
70 26
20 73
108 14
52 89
45 21
78 77
106 89
20 47
98 17
8 36
91 35
74 14
108 100
28 34
102 62
39 87
31 77
64 85
90 5
44 25
92 33
41 88
62 106
43 54
75 29
42 7
84 77
75 90
26 82
4 41
61 71
76 25
11 38
94 39
37 23
7 67
110 9
83 71
93 104
30 56
94 28
103 49
92 3
58 55
35 102
15 62
77 17
101 85
38 89
80 3
39 47
7 53
113 113
102 38
95 96
26 67
39 102
109 36
1 89
35 92
49 103
89 11
71 83
36 99
33 105
12 36
90 104
34 108
24 77
85 39
35 111
25 106
63 2
75 4
104 36
48 87
102 68
15 48
72 26
57 89
2 4
5 6
104 73
97 27
71 54
17 109
22 11
92 31
110 24
81 8
86 87
36 35
64 74
101 12
47 87
2 65
94 34
45 43
89 41
86 33
74 84
30 18
60 42
88 30
89 74
53 52
100 57
20 107
16 76
74 34
18 83
12 78
21 57
23 87
18 53
44 81
27 92
111 13
35 2
59 18
32 80
113 90
35 47
15 80
55 58
36 89
50 101
106 70
19 81
83 49
9 109
26 74
91 22
20 29
41 37
62 101
69 100
35 58
10 35
36 29
102 83
7 56
35 3
45 40
84 28
75 61
110 47
41 60
111 102
36 19
110 40
82 62
87 95
10 79
2 7
49 98
6 19
86 93
106 14
1 51
25 47
46 59
16 94
36 27
26 66
112 113
112 112
39 21
22 67
80 78
7 100
21 32
5 49
93 17
39 98
11 42
26 56
81 28
21 41
95 37
73 74
69 61
82 21
14 59
31 110
103 40
29 60
2 52
34 57
45 74
25 81
7 103
81 66
76 47
86 12
79 6
70 46
15 78
8 104
94 49
100 44
78 13
5 23
30 8
21 106
91 33
22 62
49 107
97 111
56 45
28 88
97 50
38 67
102 65
61 56
79 98
60 53
83 9
91 45
39 94
66 4
84 13
26 16
101 36
45 96
43 7
82 34
110 98
96 22
54 71
60 68
9 91
68 5
6 35
14 22
85 60
101 55
18 87
2 21
109 99
3 90
30 106
11 41
45 18
71 69
13 100
7 45
75 39
100 20
95 90
10 106
71 1
70 89
17 48
108 46
93 47
98 61
95 39
45 109
6 101
43 105
86 49
13 92
56 66
45 82
63 24
21 111
109 64
65 25
8 19
47 43
77 70
46 51
19 112
27 61
56 46
58 112
39 72
56 63
