107
22
37
39
23
44
85
2
17
30
93
82
26
36
36
72
27
27
17
9
35
2
56
46
20
31
18
16
28
11
1
37
4
4
1
163
62
36
1
17
12
31
137
50
18
35
34
53
179
28
8
85
135
13
17
1
87
42
8
58
122
46
35
68
28
13
88
86
76
56
68
83
81
7
8
65
4
78
21
33
17
23
69
97
31
8
118
7
132
16
40
88
38
115
58
7
23
10
6
8
19
24
4
77
43
31
24
53
64
32
1
176
11
17
6
4
45
21
15
13
47
46
93
42
15
90
14
21
3
12
96
29
12
36
26
65
1
10
20
120
39
63
20
14
63
110
24
125
36
124
47
59
167
42
13
59
93
41
63
10
30
2
27
0
7
18
36
7
5
46
6
138
40
25
12
5
52
6
58
34
31
41
2
53
1
62
44
116
36
41
52
14
27
23
46
99
1
146
112
28
2
61
5
11
16
2
33
53
28
2
12
27
69
181
0
89
37
115
5
24
35
53
3
114
50
30
12
22
113
74
64
15
32
16
59
48
9
49
57
10
3
9
158
53
52
142
57
63
22
56
16
11
60
138
162
10
70
169
4
98
77
33
18
83
31
76
9
11
167
19
101
4
141
101
12
112
178
55
114
46
162
11
133
43
52
59
122
92
21
23
47
90
141
47
12
110
20
21
51
66
103
7
42
58
94
3
18
130
4
16
5
45
89
26
31
90
5
116
71
19
105
97
88
25
56
33
81
27
68
61
18
18
42
46
82
11
5
71
159
27
51
12
57
145
27
52
7
15
19
38
12
35
8
26
13
92
138
36
5
30
131
37
8
176
27
7
99
17
13
186
60
74
153
174
47
33
121
51
20
185
35
46
16
64
53
69
13
113
0
0
25
62
15
54
45
10
23
22
45
7
149
2
15
130
4
25
124
2
3
63
18
48
12
68
23
64
55
79
39
38
88
33
5
12
184
41
0
3
77
24
25
26
10
57
5
19
68
8
16
48
11
36
2
80
26
153
47
4
25
35
166
81
93
18
14
13
17
33
60
36
48
76
6
11
30
37
45
34
7
16
80
30
31
26
3
29
149
98
37
58
19
18
26
128
33
4
34
16
0
49
125
45
50
32
58
26
24
4
3
73
7
53
21
28
19
80
14
32
71
117
165
76
6
102
1
40
46
68
2
150
29
146
47
16
100
34
22
28
76
58
143
140
31
6
140
66
19
34
40
177
21
24
77
137
5
9
13
74
69
13
74
48
127
21
76
20
25
2
36
29
81
79
117
26
22
49
1
64
57
25
64
103
31
78
174
15
39
79
108
66
4
41
3
75
50
44
52
68
18
34
0
74
14
27
71
80
32
16
42
32
66
38
18
0
150
23
51
175
50
72
156
3
20
137
29
53
8
170
14
33
28
51
61
39
72
116
59
5
6
173
89
3
30
18
21
3
26
63
24
5
4
29
9
38
2
62
56
77
43
85
98
40
8
15
3
101
49
58
103
28
114
8
11
95
87
49
6
88
11
10
83
16
86
2
5
32
13
57
30
178
14
113
73
32
96
38
25
47
1
7
30
36
68
11
34
133
84
132
22
61
48
29
26
7
16
62
25
63
162
10
166
161
59
129
46
136
0
13
43
106
17
35
25
49
20
151
75
9
94
15
48
24
16
37
38
71
3
128
23
11
25
91
20
28
29
6
65
4
10
64
35
27
31
96
30
36
12
52
0
12
3
0
4
26
30
2
17
23
11
16
40
19
9
40
35
27
151
10
23
106
0
48
11
92
13
9
67
34
107
32
27
86
18
10
64
44
110
59
26
164
46
6
34
54
0
27
71
1
111
12
22
14
19
21
112
158
59
1
14
63
49
0
35
24
88
38
38
54
42
109
183
15
94
6
66
25
39
7
95
39
182
20
13
130
104
15
21
21
14
129
73
47
8
33
91
29
2
1
81
24
36
10
101
96
66
2
77
48
176
54
10
8
15
94
109
48
60
10
2
69
80
147
65
142
9
63
3
80
25
60
73
19
49
29
39
47
100
48
72
6
14
34
28
50
26
5
51
19
145
111
18
184
20
19
9
151
44
99
16
14
1
28
37
10
23
27
7
25
61
59
53
97
47
15
25
12
29
68
40
13
13
5
43
3
40
148
9
28
17
31
54
26
73
34
33
6
0
94
4
13
2
104
92
76
57
136
1
3
59
106
54
73
1
2
14
127
42
34
63
3
35
58
9
47
45
9
6
177
9
51
162
72
20
30
13
70
64
20
24
39
22
61
55
33
40
40
160
69
16
8
4
31
62
18
10
18
76
17
20
27
38
32
15
72
0
73
12
34
5
15
55
22
26
75
2
121
84
39
84
43
71
30
8
52
73
66
163
7
47
157
56
64
35
149
66
108
60
61
36
36
20
57
15
55
4
33
33
24
1
12
20
44
14
81
75
65
36
18
14
48
34
57
20
17
9
17
51
21
102
58
41
103
49
18
77
67
3
21
104
14
106
85
48
52
3
5
19
9
2
25
88
42
11
17
126
100
9
45
72
51
6
10
63
36
80
21
110
49
20
19
26
35
9
168
141
40
35
75
43
7
5
35
94
41
28
29
10
75
46
1
30
1
2
55
24
100
123
13
127
82
4
1
126
32
131
8
42
63
22
150
6
8
11
45
11
13
104
74
17
3
8
10
125
156
44
35
16
60
4
53
164
20
9
109
1
83
20
54
56
33
87
29
152
76
36
19
13
124
72
49
84
37
53
26
44
33
91
32
9
48
97
6
126
185
16
121
120
130
31
71
107
4
32
171
52
5
21
18
6
24
73
132
132
12
98
13
14
77
77
7
7
74
24
26
4
5
100
22
110
51
127
135
29
107
23
41
69
62
10
119
135
4
183
54
7
6
71
10
29
9
21
10
70
70
8
25
182
80
146
3
37
37
58
142
117
1
31
93
31
10
10
136
22
11
16
60
49
29
21
0
105
65
6
40
38
53
24
140
9
26
102
14
49
19
178
28
131
42
3
181
1
46
99
166
11
1
103
180
49
40
100
63
1
11
46
50
26
83
34
83
154
55
25
39
23
5
2
55
60
15
67
24
88
79
151
21
39
35
41
38
104
49
29
43
31
1
58
16
30
5
65
12
41
44
15
19
20
53
9
3
61
23
28
55
7
65
8
84
175
143
62
23
155
17
14
47
5
94
183
122
52
37
44
8
24
90
16
49
2
61
129
125
62
11
11
10
93
47
137
57
12
25
159
43
169
55
8
52
4
111
61
120
30
41
91
12
17
7
22
49
23
37
13
20
101
10
50
36
75
40
51
1
65
3
6
90
80
41
44
5
25
22
53
79
19
2
7
23
33
24
68
87
24
66
24
18
4
10
31
58
20
19
107
49
108
45
10
50
45
12
59
163
9
18
7
105
28
40
71
158
50
37
43
5
46
29
49
3
12
50
65
79
39
167
12
61
86
109
27
31
54
70
30
79
59
15
45
58
21
41
16
4
19
34
13
21
12
157
156
15
155
57
43
60
75
182
172
22
42
15
6
8
40
16
165
70
27
14
2
100
174
118
101
76
54
2
46
185
62
48
3
51
88
11
17
43
25
26
13
8
39
34
25
28
47
19
41
60
17
96
60
101
33
136
92
1
7
23
9
89
22
20
6
55
60
43
160
75
63
9
36
147
14
56
45
143
55
12
2
62
131
60
20
32
45
14
21
15
18
19
103
12
50
72
80
85
7
77
82
12
90
76
27
30
3
45
48
39
176
3
106
29
42
21
109
13
113
58
159
42
11
31
157
11
26
31
150
3
109
144
81
54
68
2
51
32
141
35
43
171
52
76
15
7
115
7
48
142
100
143
80
12
12
18
6
107
105
50
139
136
4
9
69
87
40
22
59
21
39
57
39
6
22
7
35
21
45
95
20
50
39
23
41
68
5
27
30
29
177
11
58
30
171
50
83
24
11
168
35
21
17
32
37
71
42
133
29
34
37
28
17
23
4
20
9
108
15
23
38
26
38
31
17
16
16
33
43
63
27
5
87
4
95
86
56
67
33
31
2
33
67
28
15
99
15
57
89
60
15
106
58
54
7
17
16
13
45
52
18
44
147
12
154
175
46
8
25
91
24
84
8
34
2
102
6
98
22
18
12
9
37
49
23
119
90
50
67
120
50
55
26
14
70
9
18
82
37
68
23
0
7
22
79
179
35
79
30
60
23
44
59
19
2
15
25
9
64
23
7
0
22
35
15
19
59
27
83
186
79
34
19
17
30
79
55
2
25
160
60
55
12
34
30
30
95
165
16
5
47
22
37
31
0
2
3
33
38
87
29
28
56
29
62
135
1
1
78
37
124
34
50
5
83
14
57
57
24
46
22
27
106
24
79
61
32
78
15
40
18
80
74
139
149
57
84
148
17
40
107
42
59
70
43
34
129
126
61
6
32
92
25
8
26
45
4
67
72
81
140
10
74
152
19
19
27
50
63
6
91
7
8
65
37
84
90
121
25
155
54
32
36
15
38
23
139
172
46
39
166
6
2
11
75
23
56
45
32
118
20
146
4
5
45
51
15
5
91
56
4
6
21
44
52
26
77
5
12
174
8
55
59
18
59
78
22
108
81
57
11
181
128
28
3
11
17
98
20
119
25
42
78
32
2
82
52
3
48
24
184
123
13
72
14
23
32
6
30
33
95
31
44
3
123
2
47
9
8
89
15
23
1
28
16
92
84
35
91
10
33
123
34
26
12
34
145
22
13
78
6
31
8
88
175
139
108
4
92
55
67
102
87
8
18
17
47
30
15
16
170
43
7
61
11
44
187
70
9
32
77
75
144
20
168
37
10
5
125
82
67
32
6
37
37
93
54
45
12
130
21
103
40
5
74
110
7
66
1
1
6
34
154
0
56
11
19
75
0
47
19
78
41
63
163
76
11
62
9
10
11
29
7
31
173
85
33
49
137
1
148
12
23
27
28
73
116
59
74
23
7
78
56
28
2
127
21
67
64
105
23
97
78
85
170
12
29
11
12
74
1
36
51
66
84
156
21
6
101
14
28
54
43
45
66
3
24
4
8
53
161
17
111
22
10
46
39
27
5
161
35
9
41
38
147
1
32
4
78
21
91
173
23
21
8
51
26
15
27
54
70
2
82
54
38
71
57
3
89
21
2
89
27
11
51
2
25
9
46
40
13
114
42
44
74
53
25
13
7
9
47
3
133
16
78
98
51
28
54
36
71
180
6
97
179
102
122
33
51
23
60
2
10
82
57
10
123
8
64
32
64
39
20
11
19
5
20
90
32
9
28
139
28
161
85
134
27
6
38
152
27
8
8
18
65
35
64
86
4
33
64
6
14
97
60
4
35
96
19
5
1
134
12
15
14
23
78
58
22
55
3
20
102
72
95
41
13
107
45
44
183
46
32
2
70
13
53
44
77
8
7
3
38
1
159
61
0
52
116
115
46
30
14
44
47
42
66
14
24
43
37
34
14
13
44
62
9
132
169
4
92
15
99
1
62
22
12
69
13
1
19
31
71
72
7
3
48
14
54
6
30
8
113
36
5
69
129
41
34
31
24
48
93
54
118
14
67
115
4
10
5
46
3
54
38
48
45
66
44
16
104
65
35
43
43
16
104
1
67
167
30
29
50
8
96
34
164
164
33
117
59
178
51
5
182
29
27
145
14
33
42
25
7
4
73
49
16
64
1
1
21
10
5
16
41
34
24
144
54
5
77
118
39
55
70
68
27
52
30
17
31
155
170
22
40
63
17
17
7
30
18
36
32
62
17
26
36
17
169
9
6
40
72
6
25
6
184
43
8
29
48
26
3
22
23
0
28
7
47
43
29
37
133
35
21
0
82
12
9
82
128
112
80
10
22
19
92
29
26
13
56
67
81
5
160
49
14
180
24
4
9
83
98
105
165
42
79
36
17
38
154
42
5
16
93
69
56
20
67
1
57
96
66
2
29
8
50
1
180
33
6
32
1
99
25
68
5
122
61
6
53
22
48
27
95
1
29
22
153
17
157
38
76
8
35
185
75
33
13
34
44
69
12
89
27
28
28
82
3
21
50
10
10
44
52
148
21
13
48
39
66
64
80
41
4
20
73
7
30
177
20
25
14
56
75
144
39
15
17
2
83
16
87
58
4
85
81
17
16
105
3
15
42
44
84
39
26
31
61
2
55
51
56
128
31
61
1
18
7
26
18
27
138
21
19
31
5
22
86
6
7
5
37
12
38
28
31
19
126
4
39
103
43
62
15
41
4
16
2
10
41
47
27
41
3
110
134
14
36
83
2
26
30
7
4
81
21
51
99
18
24
8
53
49
135
42
33
26
10
173
112
8
66
24
31
13
14
37
10
60
18
70
1
91
41
19
10
32
50
47
53
52
53
40
18
13
13
18
14
27
28
24
42
8
11
41
152
36
6
25
74
30
11
13
55
158
15
1
2
172
56
106
70
7
44
56
19
67
61
131
11
109
9
134
30
20
97
27
45
30
119
65
8
117
89
168
10
47
35
26
19
3
179
111
120
81
21
38
18
86
29
0
36
36
22
119
13
8
32
73
65
9
29
46
172
114
11
17
4
50
61
45
11
69
65
3
86
39
56
58
153
6
42
9
138
20
10
171
62
9
37
14
94
19
40
33
24
46
181
121
23
105
32
48
11
52
17
73
22
9
11
84
29
14
3
40
28
14
38
28
35
102
12
51
32
33
22
24
69
1
25
124
134
13
22
12
104
11
78
29
52
68
67
43
11
87
56
108
43
3
79
86
20
18
11
31
55
81
57
90
20
85
