1000
-999 1
-996 1
-991 1
-990 1
-989 1
-989 1
-986 1
-985 1
-979 1
-978 1
-977 1
-975 1
-973 1
-973 1
-970 1
-970 1
-968 1
-966 1
-965 1
-965 1
-964 1
-964 1
-960 1
-958 1
-954 1
-952 1
-952 1
-948 100
-942 1
-941 1
-940 1
-939 1
-938 1
-937 1
-933 1
-925 1
-920 1
-920 1
-914 1
-910 1
-907 1
-906 1
-905 1
-905 1
-899 1
-896 1
-891 1
-884 1
-883 1
-883 1
-883 1
-881 1
-881 1
-880 1
-880 1
-879 1
-879 1
-878 1
-873 1
-867 1
-866 1
-862 1
-862 1
-860 1
-859 1
-859 1
-857 1
-856 1
-854 1
-852 1
-851 1
-850 1
-845 1
-844 1
-844 1
-841 1
-840 1
-837 1
-836 1
-836 1
-835 1
-826 1
-825 1
-824 1
-821 1
-820 1
-818 1
-817 1
-810 1
-809 1
-807 1
-804 1
-801 1
-798 1
-797 1
-797 1
-796 1
-790 1
-789 1
-787 1
-786 1
-786 1
-785 1
-785 1
-778 1
-778 1
-774 1
-774 1
-774 1
-772 1
-772 1
-772 1
-772 1
-769 1
-768 1
-767 1
-766 1
-766 1
-763 1
-761 1
-760 1
-759 1
-758 1
-755 1
-753 1
-752 1
-751 1
-748 1
-747 1
-744 1
-742 1
-740 1
-736 1
-733 1
-723 1
-723 1
-723 1
-721 1
-720 1
-715 1
-714 1
-712 1
-711 1
-710 1
-709 1
-704 1
-703 1
-703 1
-703 1
-703 1
-702 1
-696 1
-695 1
-692 1
-691 1
-689 1
-685 1
-685 1
-685 1
-683 1
-680 1
-680 1
-678 1
-676 1
-675 1
-666 1
-660 1
-658 1
-658 1
-657 1
-657 1
-655 1
-654 1
-654 1
-652 1
-651 1
-647 1
-645 1
-643 1
-640 1
-638 1
-635 1
-629 1
-628 1
-627 1
-626 1
-620 1
-620 1
-619 1
-618 1
-616 1
-615 1
-609 1
-608 1
-607 1
-605 1
-605 1
-602 1
-599 1
-598 1
-596 1
-593 1
-590 1
-589 1
-587 1
-585 1
-584 1
-581 1
-579 1
-578 1
-574 1
-574 1
-574 1
-570 1
-567 1
-562 1
-557 1
-557 1
-556 1
-554 1
-550 1
-549 1
-549 1
-548 1
-547 1
-545 1
-543 1
-543 1
-540 1
-535 1
-533 1
-532 1
-531 1
-527 1
-527 1
-527 1
-520 1
-517 1
-516 1
-514 1
-514 1
-514 1
-510 1
-509 1
-509 1
-508 1
-507 1
-503 1
-499 1
-499 1
-495 1
-486 1
-484 1
-484 1
-483 1
-483 1
-482 1
-482 1
-481 1
-479 1
-478 1
-476 1
-472 1
-471 1
-471 1
-471 1
-471 1
-471 1
-469 1
-469 1
-466 1
-465 1
-463 1
-461 1
-459 1
-457 1
-456 1
-455 1
-455 1
-451 1
-451 1
-449 1
-447 1
-447 1
-446 1
-442 1
-439 1
-437 1
-434 1
-433 1
-432 1
-432 1
-431 1
-427 1
-426 1
-425 1
-423 1
-422 1
-420 1
-415 1
-412 1
-412 1
-412 1
-411 1
-409 1
-408 1
-407 1
-405 1
-404 1
-404 1
-399 1
-396 1
-396 1
-394 1
-394 1
-393 1
-392 1
-385 1
-384 1
-384 1
-382 1
-380 1
-380 1
-377 1
-373 1
-371 1
-370 1
-370 1
-370 1
-368 1
-362 1
-361 1
-361 1
-359 1
-358 1
-358 1
-357 1
-357 1
-356 1
-352 1
-351 1
-345 1
-344 1
-343 1
-339 1
-336 1
-335 1
-331 1
-329 1
-327 1
-327 1
-323 1
-323 1
-319 1
-316 1
-314 1
-314 1
-312 1
-311 1
-310 1
-307 1
-303 1
-301 1
-300 1
-300 1
-298 1
-297 1
-291 1
-290 1
-287 1
-286 1
-286 1
-285 1
-284 1
-282 1
-280 1
-276 1
-274 1
-272 1
-271 1
-269 1
-268 100
-268 1
-267 1
-266 1
-266 1
-263 1
-263 1
-256 1
-255 1
-251 1
-250 1
-247 1
-241 1
-241 1
-240 1
-237 1
-235 1
-234 1
-232 1
-227 1
-227 1
-226 1
-223 1
-222 1
-221 100
-218 1
-216 1
-215 1
-215 1
-203 1
-199 1
-196 1
-194 1
-191 1
-187 1
-187 1
-185 1
-183 1
-181 1
-181 1
-176 1
-175 1
-174 1
-174 1
-173 1
-168 1
-163 1
-162 1
-162 1
-158 1
-156 1
-147 1
-146 1
-143 1
-142 1
-139 1
-133 1
-129 1
-127 1
-127 1
-124 1
-124 1
-123 1
-121 1
-119 1
-118 1
-117 1
-116 1
-115 1
-115 1
-113 1
-113 1
-112 1
-110 1
-105 1
-103 1
-102 1
-101 1
-100 1
-98 1
-97 1
-90 1
-89 100
-85 1
-84 100
-83 1
-82 1
-81 1
-80 1
-80 1
-79 1
-77 1
-76 1
-76 1
-72 1
-71 1
-70 1
-68 1
-68 1
-67 1
-66 1
-62 1
-62 1
-60 1
-60 1
-58 1
-58 1
-57 1
-55 1
-51 1
-47 1
-46 1
-45 1
-43 1
-42 1
-42 1
-41 1
-40 1
-37 1
-34 1
-33 1
-31 1
-31 1
-30 1
-28 1
-27 1
-25 1
-22 1
-18 1
-13 1
-12 1
-12 1
-12 1
-9 1
-7 1
-3 1
-3 1
-2 1
-1 1
0 1
1 1
5 100
7 1
8 1
8 1
9 1
15 1
17 1
18 1
20 1
21 1
25 1
26 1
27 1
28 1
29 1
31 1
31 1
36 1
36 1
38 1
41 1
41 1
43 1
50 1
51 1
52 1
52 1
59 1
59 1
60 1
60 1
61 1
61 1
63 1
64 1
64 1
71 1
71 1
73 1
74 1
74 1
75 1
84 1
86 1
89 1
92 1
93 1
93 1
94 1
99 1
100 1
100 1
100 1
101 1
101 1
101 1
102 1
104 1
105 1
106 100
107 1
108 1
109 1
109 1
115 1
116 1
116 1
117 1
119 1
122 1
125 1
128 1
136 1
143 1
144 1
145 1
145 1
146 1
147 1
148 1
148 1
151 1
151 1
153 1
157 1
158 1
158 1
161 1
164 1
168 1
168 1
174 1
174 1
175 1
176 1
176 1
177 1
179 1
181 1
181 1
187 1
187 1
187 1
189 1
192 1
194 1
197 1
199 1
200 1
202 1
203 1
203 1
204 1
206 1
206 1
207 1
208 1
210 1
212 1
216 1
220 1
222 1
228 1
231 1
231 1
235 1
236 1
237 1
241 1
242 1
248 1
249 1
250 1
253 1
255 1
257 1
258 1
259 1
260 1
262 1
265 1
266 1
268 1
269 1
270 1
274 1
274 1
277 1
277 1
277 1
278 1
280 1
282 1
287 1
288 1
289 1
290 1
294 1
295 1
299 1
300 1
300 1
301 1
304 1
304 1
305 1
308 1
310 1
315 1
320 1
321 1
321 1
322 1
322 1
322 1
323 1
323 1
325 1
326 1
331 1
333 1
336 1
337 1
342 1
345 1
346 1
347 1
348 1
349 1
349 1
352 1
354 1
356 1
358 1
362 1
363 1
368 1
372 1
376 1
380 1
382 100
384 1
384 1
385 1
386 1
387 1
387 1
392 1
397 1
397 1
399 1
404 1
405 1
406 1
412 1
413 1
415 1
416 1
417 1
421 1
425 1
429 1
433 1
434 1
435 1
436 1
439 1
443 1
444 1
445 1
447 1
448 1
451 1
455 1
456 1
457 1
458 1
458 1
459 1
460 1
467 1
467 1
473 1
474 1
475 1
477 1
478 1
485 1
486 1
488 1
490 1
491 1
493 1
496 1
498 1
501 1
504 1
507 1
507 1
511 1
512 1
515 1
522 1
529 1
533 1
533 1
535 1
544 1
546 1
551 1
551 1
552 1
554 1
556 1
558 1
560 1
561 1
561 1
563 1
573 1
577 1
579 1
580 1
580 1
580 1
582 1
583 1
584 1
584 1
587 1
587 1
588 1
588 1
589 1
590 1
591 1
592 1
593 1
595 1
596 1
601 1
603 1
611 1
612 1
616 1
617 1
625 1
626 1
628 1
629 1
629 1
629 1
631 1
631 1
633 1
634 1
638 1
639 1
639 1
647 1
648 1
650 1
656 1
659 1
660 1
662 1
664 1
664 1
665 1
666 1
671 1
671 1
676 1
678 1
680 1
682 1
684 1
686 1
687 1
688 1
693 1
693 1
694 1
694 1
697 1
699 1
699 1
703 1
704 1
707 1
709 1
710 1
713 1
715 1
716 1
718 1
718 1
719 1
721 1
724 1
725 1
727 1
727 1
727 1
727 1
730 1
733 1
733 1
734 1
738 1
739 1
739 1
746 1
747 1
748 1
750 1
751 1
757 1
758 1
763 1
763 1
765 1
767 1
768 1
769 1
772 1
782 1
783 1
784 1
785 1
785 1
789 1
789 1
790 1
798 1
799 1
799 1
801 1
802 1
802 1
803 1
805 1
806 100
807 1
810 1
814 1
814 1
815 1
817 1
817 1
821 1
821 1
828 1
830 1
831 1
841 1
845 1
852 1
854 1
855 1
856 1
858 1
859 1
863 1
864 1
864 1
871 1
873 1
876 1
879 1
880 1
884 1
885 1
887 1
887 1
891 1
901 1
901 1
907 1
908 1
908 1
911 1
912 1
913 1
914 1
916 1
920 1
922 1
926 1
927 1
928 1
931 1
933 1
939 1
944 1
950 1
954 1
960 1
965 1
970 1
972 1
974 1
974 1
975 1
977 1
978 1
978 1
980 1
980 1
982 1
983 1
983 1
988 1
990 1
995 1
996 1
997 1
999 1
