1000
-4993 1
-4993 0
-4985 5
-4958 2
-4933 2
-4922 0
-4919 4
-4914 0
-4909 0
-4882 1
-4877 5
-4873 3
-4860 1
-4840 5
-4837 3
-4830 2
-4820 3
-4797 0
-4787 0
-4769 4
-4769 2
-4762 3
-4755 2
-4753 5
-4747 5
-4738 1
-4737 3
-4713 0
-4710 4
-4695 3
-4681 1
-4672 1
-4665 4
-4652 5
-4652 4
-4650 3
-4645 2
-4645 2
-4634 0
-4612 5
-4604 4
-4596 2
-4592 5
-4590 4
-4570 2
-4569 1
-4547 3
-4542 5
-4532 4
-4523 4
-4517 5
-4509 5
-4494 1
-4492 2
-4491 1
-4473 0
-4473 3
-4450 5
-4423 5
-4410 1
-4409 0
-4407 3
-4401 1
-4370 4
-4363 5
-4363 3
-4355 1
-4352 5
-4344 5
-4330 4
-4322 0
-4320 4
-4277 5
-4271 0
-4268 4
-4267 0
-4230 4
-4211 4
-4210 3
-4209 0
-4207 0
-4206 0
-4204 0
-4198 2
-4195 5
-4190 5
-4180 5
-4180 5
-4179 0
-4177 2
-4168 2
-4164 3
-4154 2
-4118 2
-4114 3
-4100 2
-4091 5
-4088 5
-4076 0
-4073 4
-4029 2
-3999 5
-3994 2
-3980 2
-3974 2
-3972 5
-3963 2
-3962 5
-3946 0
-3935 0
-3913 2
-3894 1
-3888 4
-3883 0
-3879 4
-3839 0
-3837 0
-3835 3
-3822 5
-3804 4
-3791 5
-3772 1
-3759 1
-3755 0
-3748 0
-3743 5
-3721 1
-3720 0
-3704 1
-3684 2
-3684 1
-3657 1
-3638 5
-3623 3
-3615 3
-3602 4
-3592 3
-3584 4
-3578 0
-3576 1
-3567 1
-3559 3
-3557 3
-3539 3
-3530 5
-3529 3
-3525 4
-3519 2
-3514 3
-3510 2
-3497 3
-3483 1
-3418 4
-3408 2
-3357 5
-3348 2
-3339 2
-3332 2
-3327 1
-3314 2
-3307 5
-3290 2
-3271 1
-3265 2
-3247 1
-3221 0
-3217 3
-3216 4
-3214 3
-3196 5
-3184 4
-3180 3
-3177 1
-3163 0
-3162 3
-3148 1
-3145 2
-3141 4
-3138 3
-3136 2
-3129 1
-3128 1
-3122 4
-3107 1
-3101 4
-3095 0
-3086 3
-3070 0
-3069 1
-3066 3
-3054 3
-3052 3
-3050 3
-3039 3
-3038 3
-3033 3
-3031 1
-3017 4
-3010 2
-3006 4
-2994 4
-2983 2
-2983 5
-2975 0
-2973 1
-2950 1
-2946 5
-2943 0
-2943 0
-2943 2
-2926 5
-2907 0
-2907 5
-2906 3
-2898 1
-2882 0
-2879 0
-2879 4
-2867 4
-2865 0
-2863 0
-2855 4
-2847 2
-2830 0
-2807 2
-2806 2
-2799 0
-2758 2
-2753 4
-2710 2
-2703 2
-2683 5
-2666 2
-2656 5
-2649 5
-2637 5
-2630 1
-2622 1
-2620 1
-2618 5
-2615 4
-2601 1
-2600 0
-2598 1
-2592 1
-2584 4
-2576 0
-2559 0
-2545 4
-2519 3
-2518 3
-2510 3
-2477 2
-2475 4
-2460 2
-2449 4
-2448 4
-2443 2
-2415 5
-2406 2
-2372 5
-2372 2
-2347 3
-2339 1
-2333 3
-2331 0
-2319 4
-2314 3
-2305 4
-2303 4
-2295 5
-2293 1
-2290 5
-2271 2
-2243 3
-2231 5
-2218 3
-2215 2
-2213 1
-2198 5
-2171 4
-2170 5
-2159 5
-2151 3
-2137 4
-2136 4
-2134 4
-2117 5
-2117 0
-2116 1
-2107 3
-2103 4
-2098 0
-2098 0
-2096 1
-2086 0
-2050 1
-2022 2
-2007 5
-1987 3
-1972 5
-1971 0
-1965 3
-1955 1
-1934 3
-1929 0
-1918 0
-1913 5
-1911 1
-1909 1
-1900 5
-1887 3
-1852 3
-1849 1
-1848 3
-1844 2
-1839 4
-1832 1
-1790 1
-1784 2
-1775 5
-1739 3
-1722 2
-1712 5
-1701 3
-1695 2
-1672 1
-1664 1
-1660 2
-1655 4
-1650 0
-1641 2
-1638 1
-1614 2
-1611 4
-1611 2
-1609 3
-1597 5
-1590 1
-1587 3
-1574 4
-1560 4
-1546 1
-1524 1
-1521 5
-1509 2
-1509 2
-1507 4
-1501 1
-1500 0
-1492 0
-1466 1
-1456 4
-1449 4
-1424 4
-1414 4
-1401 1
-1397 4
-1391 3
-1384 1
-1361 3
-1358 5
-1351 1
-1343 2
-1339 4
-1338 2
-1325 2
-1319 0
-1311 2
-1305 1
-1291 4
-1290 1
-1289 5
-1283 0
-1280 5
-1238 0
-1237 1
-1229 2
-1223 5
-1209 3
-1190 3
-1187 4
-1167 0
-1165 3
-1134 2
-1122 0
-1122 4
-1094 3
-1080 4
-1073 0
-1072 4
-1070 4
-1063 5
-1035 1
-1023 3
-1003 0
-997 4
-994 2
-992 1
-973 2
-970 5
-958 3
-950 1
-950 1
-940 1
-938 5
-926 0
-917 4
-913 0
-894 2
-876 1
-868 2
-859 4
-857 2
-831 3
-827 0
-822 5
-816 5
-806 1
-805 2
-804 2
-797 5
-793 3
-783 4
-763 2
-726 2
-721 0
-721 3
-700 5
-688 2
-684 0
-677 4
-658 4
-657 3
-641 3
-628 0
-615 5
-613 4
-607 2
-603 1
-600 5
-589 1
-584 0
-559 3
-552 0
-536 2
-531 4
-505 5
-502 5
-489 3
-474 4
-468 3
-456 1
-445 2
-441 0
-436 1
-431 2
-426 0
-413 5
-412 2
-393 5
-382 4
-356 2
-354 2
-353 3
-339 2
-336 2
-328 0
-298 2
-296 3
-276 1
-242 0
-242 2
-234 4
-225 2
-195 2
-190 2
-188 4
-168 0
-158 0
-131 4
-119 2
-69 4
-47 2
-22 3
32 3
86 4
106 0
119 0
120 3
146 1
149 4
154 1
156 1
170 1
179 4
192 4
200 5
203 4
207 3
236 3
238 4
244 3
249 1
251 4
252 2
259 3
267 2
268 0
277 0
283 4
292 3
304 3
308 3
322 2
324 1
367 4
380 3
418 4
445 0
446 2
469 2
475 3
479 3
488 0
497 0
505 5
527 4
528 4
529 4
557 2
563 2
565 0
565 4
565 2
571 0
583 2
590 2
598 5
603 3
604 4
611 0
625 3
635 5
650 1
666 4
667 1
673 5
674 4
679 5
686 0
688 5
711 4
718 3
727 5
740 1
748 0
793 4
796 0
798 1
798 1
803 3
814 0
816 2
829 5
857 1
867 3
880 1
895 5
900 4
905 3
906 3
909 3
910 4
972 3
972 2
977 4
988 5
1004 1
1010 4
1032 3
1048 3
1055 4
1063 0
1071 0
1076 1
1077 3
1078 5
1088 2
1095 5
1104 3
1111 0
1117 4
1126 3
1126 3
1128 1
1135 5
1153 0
1165 0
1167 0
1184 0
1188 0
1191 1
1191 1
1222 5
1238 2
1241 3
1245 2
1251 1
1262 0
1267 2
1270 5
1279 0
1280 2
1283 1
1286 1
1315 0
1315 2
1318 0
1325 5
1326 0
1344 0
1365 3
1386 2
1392 5
1400 2
1409 5
1428 3
1429 4
1448 2
1470 3
1473 3
1474 3
1488 2
1494 5
1501 1
1518 5
1519 1
1533 2
1541 0
1546 4
1569 4
1576 1
1581 1
1589 4
1595 0
1603 3
1604 4
1606 2
1607 0
1616 2
1674 5
1675 0
1678 2
1687 5
1691 0
1692 1
1693 4
1722 3
1734 4
1740 3
1743 4
1764 0
1766 4
1767 3
1767 3
1781 1
1785 2
1794 5
1795 0
1799 1
1800 2
1827 3
1828 3
1832 4
1833 1
1835 5
1836 0
1836 4
1847 3
1851 3
1856 4
1860 4
1871 4
1888 1
1893 0
1908 5
1911 5
1912 2
1926 3
1943 2
1963 2
1965 0
1971 4
1981 5
1982 5
2000 4
2023 0
2024 1
2040 0
2049 5
2049 2
2051 1
2051 2
2054 1
2058 2
2075 5
2084 5
2095 2
2106 0
2116 2
2119 3
2123 2
2126 1
2131 0
2142 5
2151 3
2159 5
2209 4
2248 5
2252 1
2252 2
2260 1
2261 3
2283 3
2288 5
2293 4
2304 3
2305 0
2321 0
2328 5
2333 0
2360 0
2361 0
2377 0
2379 1
2380 2
2381 3
2399 4
2409 4
2428 4
2446 3
2461 2
2469 5
2471 3
2483 5
2496 0
2513 5
2515 5
2524 5
2536 1
2556 0
2578 3
2579 5
2587 4
2589 1
2594 1
2599 0
2628 1
2629 4
2644 3
2648 3
2650 0
2713 1
2723 1
2727 2
2743 1
2749 5
2762 3
2773 1
2776 5
2779 1
2780 2
2786 3
2797 2
2806 1
2838 3
2839 1
2850 0
2853 4
2856 3
2859 1
2873 2
2888 2
2889 0
2890 5
2893 0
2900 3
2912 2
2922 4
2930 0
2930 5
2939 1
2956 4
2963 5
2978 2
3032 3
3034 5
3037 1
3050 1
3072 1
3084 5
3085 0
3102 0
3114 3
3129 3
3130 1
3142 1
3144 4
3149 3
3152 4
3162 0
3179 1
3184 0
3200 5
3201 3
3214 5
3214 2
3234 0
3237 0
3239 4
3246 4
3271 3
3272 1
3286 1
3287 3
3292 0
3300 3
3309 4
3332 1
3343 1
3367 5
3373 0
3380 0
3392 2
3398 2
3416 4
3422 3
3427 2
3429 1
3429 3
3445 5
3447 2
3463 5
3475 4
3495 5
3505 0
3509 4
3514 3
3530 4
3532 5
3559 0
3569 1
3586 0
3590 4
3610 0
3627 1
3640 0
3643 0
3672 1
3693 3
3694 2
3694 5
3698 4
3739 3
3764 2
3768 0
3771 1
3773 2
3773 3
3777 4
3790 1
3798 5
3810 2
3834 2
3847 4
3868 1
3870 3
3877 3
3897 2
3918 3
3938 0
3950 5
3951 1
3968 5
3972 0
3980 5
4002 3
4013 4
4019 1
4020 3
4022 5
4040 0
4040 0
4043 4
4044 0
4059 1
4063 5
4069 0
4072 3
4092 2
4123 3
4133 0
4133 4
4149 4
4191 4
4193 3
4198 0
4207 1
4209 5
4212 0
4235 4
4241 0
4245 3
4264 2
4269 1
4274 2
4326 4
4333 4
4337 2
4337 4
4339 3
4340 1
4346 5
4348 5
4365 4
4365 0
4380 2
4385 5
4394 4
4403 1
4404 3
4406 5
4437 5
4441 5
4441 0
4449 5
4463 0
4475 1
4492 1
4499 0
4504 5
4518 5
4521 5
4530 1
4536 2
4543 2
4576 4
4577 3
4579 4
4579 4
4602 2
4607 3
4610 1
4613 5
4633 4
4650 1
4671 0
4675 1
4682 0
4703 0
4712 1
4716 0
4719 2
4732 2
4735 2
4745 3
4745 1
4753 5
4762 3
4767 5
4770 0
4780 2
4784 5
4808 0
4808 3
4826 2
4836 5
4838 5
4848 2
4859 0
4870 2
4874 3
4880 3
4881 0
4891 1
4891 4
4910 5
4910 4
4913 0
4924 5
4934 2
4941 5
4943 0
4943 1
4960 1
4964 4
4966 5
4982 2
5000 1
