100
2 2
3 1
4 3
5 3
6 1
10 1
14 2
16 3
19 3
20 1
23 3
24 3
26 1
30 1
34 3
37 1
41 1
43 1
47 2
51 3
52 3
53 3
57 3
59 3
63 3
66 1
67 3
69 2
72 3
74 1
75 2
77 1
79 1
82 1
83 2
86 1
89 1
93 3
95 1
97 2
99 1
102 1
105 3
108 2
112 2
115 1
118 1
121 2
124 3
126 2
128 2
129 3
131 3
133 3
137 1
138 1
142 2
145 1
147 2
151 2
153 3
156 2
158 1
161 2
165 3
169 1
170 1
173 2
177 1
179 1
180 3
181 3
184 2
186 1
187 1
191 1
192 2
195 1
197 2
198 2
200 2
203 2
204 1
207 2
210 3
212 3
215 3
218 3
222 1
223 1
227 1
231 2
235 2
238 3
240 3
241 3
242 2
244 1
246 2
247 1
