15 60
4 10 568
8 9 618
1 14 576
2 13 240
14 15 850
3 8 516
3 4 162
2 5 780
4 6 77
7 12 257
7 14 544
8 14 970
3 10 635
6 13 991
5 7 707
10 13 842
7 15 820
4 5 713
11 15 826
3 11 57
3 9 175
2 9 474
1 9 357
2 6 349
2 3 565
5 11 992
5 13 655
7 9 200
13 14 972
6 11 430
2 10 776
7 13 679
2 7 213
5 9 395
2 15 502
5 14 71
7 8 308
4 15 963
1 2 239
12 14 241
1 12 186
3 12 885
9 12 803
9 10 547
5 10 260
4 13 34
1 4 646
6 9 315
1 15 631
3 6 940
2 4 721
6 12 270
2 8 967
3 5 738
1 13 404
3 7 980
2 11 262
5 6 505
10 15 770
9 11 660
