100 109
1 2 663
2 3 92
1 4 210
1 5 986
3 6 163
5 7 2
5 8 89
7 9 606
5 10 482
4 11 385
11 12 487
10 13 205
7 14 229
14 15 408
11 16 158
4 17 494
17 18 374
14 19 848
3 20 282
14 21 957
4 22 104
14 23 913
4 24 382
4 25 405
4 26 8
19 27 761
3 28 907
17 29 922
7 30 923
15 31 731
12 32 1000
16 33 410
9 34 233
16 35 124
7 36 811
27 37 777
11 38 195
28 39 917
38 40 368
32 41 473
25 42 787
35 43 236
35 44 335
41 45 409
32 46 108
46 47 553
10 48 883
40 49 570
45 50 422
29 51 126
8 52 149
22 53 297
26 54 205
6 55 65
2 56 381
28 57 715
8 58 509
48 59 488
3 60 593
43 61 97
43 62 337
43 63 935
30 64 231
38 65 977
59 66 974
32 67 978
4 68 190
43 69 557
20 70 24
59 71 304
38 72 94
19 73 495
66 74 582
58 75 47
13 76 221
39 77 576
62 78 280
6 79 612
33 80 24
30 81 383
25 82 222
28 83 238
25 84 612
30 85 305
61 86 434
13 87 59
63 88 576
24 89 309
24 90 204
10 91 477
44 92 624
2 93 682
91 94 103
12 95 129
82 96 221
92 97 73
8 98 648
59 99 630
2 100 761
12 86 971
5 98 562
53 100 242
35 58 411
92 94 36
48 99 648
45 80 170
15 46 478
30 69 714
31 60 644
