1000 999
1 2 982
1 3 120
3 4 477
4 5 304
2 6 397
4 7 133
1 8 115
8 9 766
8 10 214
9 11 447
9 12 813
4 13 279
9 14 378
6 15 323
15 16 957
11 17 330
7 18 713
13 19 743
11 20 225
19 21 77
20 22 906
2 23 773
13 24 553
9 25 861
10 26 187
22 27 22
11 28 446
19 29 588
11 30 295
8 31 840
26 32 102
21 33 104
22 34 984
31 35 573
2 36 737
32 37 648
14 38 13
7 39 498
16 40 152
6 41 360
30 42 212
17 43 175
34 44 132
43 45 805
17 46 387
34 47 439
44 48 516
47 49 185
37 50 87
25 51 22
29 52 465
43 53 996
3 54 167
32 55 528
54 56 741
9 57 530
2 58 706
35 59 411
8 60 67
27 61 123
6 62 215
46 63 784
12 64 815
36 65 238
5 66 305
18 67 86
11 68 318
2 69 209
61 70 156
24 71 961
10 72 716
51 73 73
10 74 233
35 75 315
57 76 78
49 77 23
46 78 414
7 79 820
58 80 230
65 81 502
56 82 15
28 83 762
82 84 6
63 85 875
54 86 575
70 87 418
32 88 719
70 89 130
24 90 747
35 91 752
46 92 262
40 93 334
47 94 469
20 95 948
87 96 705
15 97 542
38 98 653
16 99 507
1 100 390
57 101 562
92 102 549
32 103 954
47 104 305
98 105 339
22 106 81
15 107 532
42 108 474
60 109 602
104 110 330
73 111 524
43 112 513
111 113 712
76 114 218
19 115 332
78 116 958
16 117 145
30 118 880
109 119 486
46 120 817
54 121 129
33 122 407
25 123 711
36 124 10
68 125 309
48 126 376
85 127 159
39 128 5
97 129 130
55 130 65
97 131 495
122 132 9
54 133 561
6 134 262
87 135 871
8 136 192
26 137 489
40 138 16
29 139 238
57 140 803
127 141 229
4 142 134
92 143 292
82 144 412
133 145 64
37 146 856
93 147 785
26 148 280
139 149 936
82 150 296
28 151 222
7 152 241
29 153 821
15 154 674
95 155 857
86 156 402
50 157 791
70 158 848
149 159 391
155 160 635
10 161 357
21 162 208
66 163 183
27 164 928
159 165 327
32 166 258
56 167 295
83 168 622
141 169 513
77 170 678
75 171 8
124 172 101
21 173 475
64 174 54
20 175 995
30 176 256
72 177 565
10 178 162
6 179 407
61 180 212
160 181 645
6 182 105
161 183 902
67 184 68
161 185 282
34 186 906
67 187 927
115 188 537
69 189 196
93 190 646
17 191 397
10 192 679
93 193 512
69 194 290
15 195 636
51 196 460
41 197 865
116 198 420
128 199 430
130 200 412
124 201 112
44 202 94
147 203 11
10 204 506
157 205 282
63 206 62
135 207 247
189 208 460
157 209 219
12 210 124
162 211 948
165 212 760
17 213 615
171 214 81
12 215 84
83 216 714
126 217 613
152 218 84
108 219 963
165 220 846
18 221 237
192 222 636
74 223 778
101 224 158
113 225 469
119 226 12
186 227 678
141 228 466
47 229 94
65 230 527
31 231 278
2 232 508
136 233 922
35 234 459
94 235 340
187 236 506
234 237 464
109 238 167
214 239 703
131 240 910
239 241 826
182 242 679
33 243 641
56 244 7
210 245 169
112 246 568
121 247 825
210 248 817
50 249 713
176 250 730
211 251 866
170 252 704
48 253 583
42 254 393
253 255 470
161 256 126
213 257 139
30 258 179
224 259 463
208 260 87
228 261 277
191 262 965
137 263 734
148 264 674
142 265 563
51 266 495
217 267 650
37 268 446
118 269 618
144 270 612
201 271 435
166 272 536
98 273 322
186 274 180
259 275 242
26 276 539
144 277 696
185 278 499
157 279 357
14 280 670
221 281 671
122 282 617
113 283 526
160 284 336
43 285 740
94 286 702
16 287 646
85 288 334
204 289 729
49 290 199
126 291 453
119 292 430
183 293 197
113 294 603
69 295 274
48 296 170
145 297 28
143 298 661
220 299 343
254 300 70
107 301 243
136 302 266
292 303 517
152 304 76
215 305 896
43 306 395
142 307 865
30 308 641
286 309 593
273 310 177
170 311 762
55 312 498
76 313 746
133 314 782
310 315 994
205 316 120
195 317 212
101 318 915
136 319 820
37 320 890
312 321 366
55 322 496
137 323 523
320 324 988
44 325 568
276 326 833
200 327 557
287 328 69
227 329 761
47 330 151
173 331 877
91 332 132
263 333 296
11 334 434
285 335 479
37 336 727
173 337 863
100 338 18
25 339 37
104 340 212
21 341 813
49 342 843
120 343 870
307 344 424
301 345 567
8 346 923
166 347 738
120 348 802
149 349 156
226 350 786
307 351 546
172 352 885
266 353 509
324 354 335
73 355 854
291 356 646
331 357 880
175 358 553
135 359 614
5 360 93
195 361 890
281 362 324
340 363 113
216 364 41
226 365 138
18 366 991
157 367 850
253 368 841
57 369 565
63 370 812
11 371 381
48 372 877
205 373 238
127 374 533
104 375 484
205 376 318
189 377 643
43 378 320
243 379 414
195 380 347
237 381 767
265 382 118
134 383 969
212 384 396
354 385 448
146 386 715
105 387 970
35 388 254
181 389 349
270 390 414
208 391 856
217 392 891
23 393 408
155 394 922
68 395 922
232 396 443
126 397 26
33 398 262
172 399 657
307 400 541
338 401 494
313 402 709
62 403 707
63 404 491
102 405 750
68 406 431
330 407 774
176 408 274
377 409 682
249 410 118
189 411 230
277 412 689
26 413 756
97 414 976
295 415 247
61 416 366
137 417 510
348 418 892
236 419 205
263 420 871
146 421 14
162 422 528
359 423 816
40 424 47
221 425 113
313 426 628
357 427 628
345 428 144
318 429 567
399 430 352
320 431 311
18 432 95
21 433 754
55 434 729
81 435 655
183 436 223
133 437 176
54 438 598
270 439 447
288 440 471
412 441 384
382 442 227
182 443 608
100 444 189
300 445 549
270 446 159
230 447 484
274 448 305
244 449 287
235 450 927
386 451 70
261 452 159
34 453 662
394 454 852
142 455 639
68 456 871
41 457 984
187 458 265
221 459 988
377 460 164
329 461 749
34 462 888
23 463 137
319 464 884
198 465 550
256 466 331
223 467 887
199 468 896
61 469 658
386 470 33
442 471 436
466 472 364
170 473 529
85 474 678
284 475 895
306 476 635
472 477 848
221 478 88
370 479 72
84 480 671
337 481 257
290 482 791
365 483 382
159 484 908
320 485 397
375 486 309
184 487 803
210 488 290
197 489 856
294 490 722
436 491 442
83 492 2
63 493 256
245 494 595
320 495 61
256 496 596
434 497 372
224 498 612
159 499 868
151 500 263
319 501 647
188 502 331
247 503 943
296 504 192
327 505 721
377 506 899
40 507 280
475 508 814
436 509 55
101 510 129
35 511 705
229 512 284
277 513 664
281 514 543
108 515 438
334 516 181
46 517 454
277 518 22
288 519 722
60 520 539
211 521 743
400 522 542
323 523 345
373 524 143
322 525 89
254 526 467
514 527 190
196 528 187
87 529 444
162 530 768
172 531 756
267 532 969
15 533 298
106 534 961
427 535 215
135 536 492
343 537 88
208 538 395
234 539 261
390 540 244
431 541 162
476 542 232
415 543 974
173 544 789
283 545 464
446 546 935
71 547 88
313 548 551
394 549 733
281 550 175
27 551 222
262 552 322
443 553 71
335 554 743
410 555 472
496 556 279
82 557 396
260 558 779
31 559 733
367 560 54
441 561 202
423 562 852
128 563 842
363 564 331
77 565 984
385 566 853
144 567 734
543 568 675
312 569 644
68 570 548
549 571 130
556 572 709
492 573 458
278 574 566
454 575 702
64 576 61
285 577 558
100 578 768
54 579 92
299 580 880
245 581 673
544 582 958
502 583 547
315 584 180
503 585 652
312 586 398
424 587 433
564 588 607
408 589 967
568 590 788
255 591 585
250 592 511
408 593 216
31 594 782
17 595 740
267 596 405
142 597 833
476 598 206
134 599 359
187 600 571
334 601 691
389 602 723
44 603 581
338 604 839
107 605 78
346 606 573
92 607 222
586 608 835
93 609 144
218 610 509
323 611 546
211 612 713
78 613 368
325 614 355
283 615 650
257 616 622
89 617 443
556 618 447
580 619 756
574 620 195
174 621 557
43 622 33
457 623 77
334 624 505
244 625 231
514 626 190
418 627 454
289 628 23
278 629 551
290 630 355
430 631 516
586 632 796
567 633 103
495 634 785
499 635 586
208 636 414
422 637 600
26 638 925
120 639 858
355 640 350
130 641 716
392 642 884
492 643 883
321 644 939
119 645 825
108 646 491
418 647 762
425 648 947
231 649 274
12 650 640
610 651 418
430 652 750
132 653 241
144 654 131
333 655 954
487 656 152
595 657 329
188 658 204
424 659 232
443 660 948
38 661 605
479 662 153
605 663 60
482 664 350
379 665 929
112 666 492
204 667 4
664 668 782
175 669 789
93 670 934
648 671 969
259 672 502
266 673 968
516 674 562
487 675 93
675 676 592
660 677 393
330 678 153
222 679 197
626 680 954
132 681 119
402 682 481
644 683 442
291 684 223
336 685 677
676 686 413
238 687 795
312 688 803
396 689 818
631 690 294
191 691 341
389 692 370
198 693 230
13 694 801
337 695 785
478 696 996
553 697 123
266 698 833
402 699 225
200 700 937
333 701 209
275 702 695
424 703 329
303 704 386
579 705 964
697 706 463
402 707 952
325 708 523
614 709 969
353 710 869
383 711 54
669 712 501
417 713 822
659 714 214
567 715 722
196 716 792
368 717 426
320 718 385
685 719 275
420 720 562
185 721 355
591 722 682
287 723 643
112 724 800
250 725 551
260 726 968
641 727 737
629 728 530
337 729 191
235 730 854
77 731 401
344 732 923
534 733 352
87 734 73
239 735 873
126 736 854
246 737 7
222 738 947
15 739 82
25 740 353
80 741 586
326 742 71
52 743 672
20 744 973
542 745 300
637 746 751
586 747 801
426 748 515
655 749 118
71 750 274
713 751 286
210 752 961
93 753 586
58 754 588
626 755 457
176 756 735
310 757 518
514 758 667
179 759 633
565 760 222
288 761 481
563 762 428
169 763 22
752 764 909
480 765 545
748 766 371
544 767 146
386 768 434
734 769 915
23 770 390
29 771 195
203 772 827
522 773 620
462 774 230
502 775 947
649 776 725
269 777 11
691 778 734
283 779 42
686 780 808
563 781 972
50 782 395
338 783 281
749 784 626
774 785 652
773 786 882
73 787 269
523 788 140
286 789 924
77 790 772
352 791 926
236 792 211
521 793 757
566 794 652
150 795 395
235 796 360
2 797 583
167 798 985
335 799 94
57 800 703
205 801 757
237 802 39
293 803 187
367 804 763
119 805 114
676 806 991
727 807 108
742 808 186
415 809 324
390 810 333
606 811 598
557 812 344
759 813 184
368 814 430
522 815 368
85 816 646
526 817 177
183 818 25
495 819 74
461 820 51
650 821 590
302 822 561
588 823 879
773 824 626
126 825 758
329 826 201
714 827 636
373 828 17
544 829 529
29 830 335
701 831 680
422 832 533
237 833 561
71 834 304
336 835 528
444 836 1000
315 837 295
531 838 457
427 839 948
677 840 612
257 841 582
518 842 848
237 843 108
613 844 918
25 845 292
295 846 421
59 847 163
390 848 944
176 849 223
724 850 969
803 851 700
473 852 676
567 853 63
732 854 945
553 855 20
769 856 387
255 857 213
785 858 286
238 859 293
5 860 625
71 861 722
460 862 432
26 863 527
403 864 851
44 865 248
827 866 156
450 867 547
243 868 85
602 869 572
541 870 247
480 871 192
507 872 174
241 873 450
661 874 436
47 875 100
351 876 862
603 877 165
811 878 279
696 879 86
117 880 622
486 881 439
865 882 885
213 883 706
155 884 72
671 885 300
687 886 410
464 887 72
33 888 881
199 889 986
406 890 106
798 891 160
19 892 635
827 893 41
682 894 938
521 895 681
796 896 187
744 897 948
513 898 484
515 899 370
492 900 895
316 901 376
270 902 881
505 903 519
638 904 409
558 905 671
389 906 229
646 907 749
90 908 622
112 909 447
424 910 381
175 911 438
813 912 356
455 913 861
268 914 284
425 915 657
443 916 335
755 917 827
64 918 466
728 919 381
905 920 59
453 921 272
158 922 713
357 923 144
606 924 291
123 925 740
83 926 677
894 927 292
759 928 176
711 929 318
55 930 741
864 931 646
61 932 1
881 933 488
142 934 173
290 935 803
454 936 922
527 937 588
335 938 406
166 939 644
305 940 166
130 941 868
248 942 148
603 943 174
241 944 196
450 945 136
470 946 790
285 947 235
466 948 212
279 949 530
434 950 551
194 951 936
164 952 924
691 953 871
542 954 632
348 955 645
605 956 661
483 957 585
133 958 617
933 959 730
713 960 327
626 961 745
438 962 769
835 963 490
394 964 565
41 965 432
811 966 887
613 967 910
126 968 294
108 969 251
615 970 786
618 971 217
834 972 94
923 973 819
491 974 707
266 975 677
490 976 836
76 977 524
661 978 512
947 979 596
84 980 499
739 981 763
396 982 993
755 983 788
981 984 667
720 985 160
763 986 950
110 987 727
328 988 841
892 989 450
295 990 129
226 991 813
66 992 402
839 993 132
922 994 88
682 995 165
795 996 33
55 997 491
641 998 228
106 999 964
176 1000 346
