1000 999
1 2 426
1 3 943
1 4 675
1 5 253
2 6 567
6 7 316
4 8 722
4 9 266
5 10 271
6 11 890
3 12 279
9 13 404
5 14 965
14 15 178
5 16 908
15 17 9
15 18 943
8 19 57
18 20 604
14 21 465
6 22 247
7 23 589
13 24 135
10 25 811
6 26 264
17 27 835
7 28 171
25 29 60
13 30 354
16 31 594
23 32 573
26 33 586
3 34 807
33 35 334
30 36 133
28 37 385
16 38 558
15 39 439
11 40 575
35 41 981
39 42 594
33 43 813
32 44 353
5 45 674
19 46 837
11 47 606
25 48 461
3 49 992
10 50 424
23 51 331
22 52 953
4 53 597
41 54 405
11 55 82
55 56 472
39 57 472
16 58 956
21 59 280
54 60 44
17 61 674
55 62 887
12 63 48
12 64 145
40 65 695
5 66 256
28 67 374
45 68 63
54 69 772
42 70 551
11 71 490
6 72 932
34 73 818
73 74 901
55 75 37
21 76 160
50 77 916
68 78 127
4 79 926
15 80 6
41 81 664
60 82 494
31 83 46
10 84 964
28 85 503
2 86 611
30 87 39
42 88 972
79 89 47
18 90 599
75 91 916
65 92 919
87 93 352
82 94 841
31 95 484
51 96 211
27 97 481
26 98 247
5 99 995
53 100 794
64 101 804
65 102 893
45 103 326
17 104 66
87 105 223
10 106 442
35 107 269
56 108 103
61 109 201
42 110 890
37 111 390
32 112 367
1 113 498
95 114 881
100 115 966
28 116 266
105 117 22
53 118 104
87 119 1
19 120 45
97 121 841
6 122 477
106 123 406
26 124 853
73 125 845
101 126 475
96 127 207
96 128 648
122 129 418
31 130 280
41 131 327
95 132 529
109 133 940
97 134 196
134 135 179
19 136 728
68 137 37
65 138 684
116 139 976
19 140 282
121 141 152
103 142 326
116 143 982
37 144 473
45 145 964
48 146 659
17 147 143
116 148 902
132 149 201
116 150 238
25 151 524
131 152 326
13 153 959
71 154 899
14 155 410
4 156 986
13 157 490
85 158 246
157 159 351
143 160 568
92 161 526
63 162 759
32 163 906
38 164 594
8 165 330
32 166 983
88 167 190
62 168 614
12 169 140
73 170 321
38 171 653
84 172 592
98 173 914
19 174 6
34 175 328
64 176 425
86 177 729
112 178 32
106 179 587
27 180 352
80 181 348
157 182 621
175 183 813
126 184 643
61 185 555
173 186 384
64 187 432
79 188 573
3 189 774
176 190 1
141 191 140
29 192 196
179 193 944
44 194 76
190 195 140
6 196 499
178 197 594
33 198 147
141 199 523
102 200 238
60 201 810
46 202 125
69 203 560
56 204 19
140 205 122
20 206 217
72 207 307
137 208 504
49 209 157
182 210 660
207 211 595
10 212 737
13 213 786
146 214 260
141 215 580
18 216 278
28 217 894
12 218 409
75 219 906
1 220 588
123 221 754
17 222 661
128 223 34
17 224 212
71 225 564
173 226 953
214 227 337
101 228 2
40 229 273
217 230 744
211 231 645
26 232 297
1 233 463
26 234 255
19 235 287
181 236 407
172 237 884
87 238 981
90 239 815
113 240 888
217 241 836
211 242 550
5 243 95
72 244 885
212 245 716
222 246 982
63 247 819
155 248 429
237 249 245
128 250 556
157 251 241
188 252 556
82 253 939
156 254 895
43 255 910
134 256 281
97 257 335
226 258 559
91 259 352
18 260 326
246 261 897
125 262 37
139 263 647
162 264 833
67 265 863
256 266 32
5 267 935
153 268 234
196 269 48
112 270 797
174 271 405
74 272 372
224 273 110
192 274 624
154 275 628
33 276 696
129 277 405
118 278 295
239 279 729
30 280 714
102 281 935
207 282 783
172 283 8
143 284 770
196 285 131
130 286 175
94 287 884
241 288 498
160 289 243
43 290 259
181 291 689
172 292 373
235 293 260
213 294 372
158 295 734
119 296 617
26 297 831
168 298 178
267 299 384
171 300 892
52 301 970
165 302 521
246 303 582
49 304 563
15 305 53
99 306 440
108 307 183
169 308 189
45 309 276
76 310 748
195 311 752
284 312 829
84 313 996
309 314 645
103 315 505
213 316 669
260 317 186
270 318 159
268 319 316
51 320 631
178 321 773
147 322 859
307 323 109
173 324 697
18 325 220
55 326 704
70 327 474
53 328 395
89 329 615
156 330 3
215 331 311
158 332 447
144 333 829
267 334 766
224 335 917
39 336 825
244 337 884
173 338 198
321 339 147
248 340 328
318 341 939
151 342 385
51 343 419
121 344 562
5 345 238
216 346 383
42 347 974
70 348 961
270 349 718
128 350 836
247 351 808
105 352 684
35 353 89
40 354 4
95 355 250
28 356 651
342 357 913
120 358 791
102 359 659
172 360 423
209 361 1
115 362 732
86 363 608
159 364 666
95 365 197
281 366 273
274 367 246
112 368 835
24 369 379
300 370 765
77 371 883
103 372 521
227 373 907
46 374 669
205 375 306
222 376 888
281 377 601
158 378 123
127 379 720
332 380 797
104 381 903
283 382 283
188 383 607
324 384 646
235 385 406
311 386 808
277 387 818
320 388 380
29 389 804
161 390 714
362 391 795
332 392 79
208 393 861
373 394 308
143 395 481
317 396 663
352 397 259
243 398 52
44 399 748
59 400 489
201 401 163
378 402 412
241 403 61
376 404 428
32 405 277
211 406 466
126 407 595
165 408 985
377 409 376
20 410 615
63 411 657
233 412 865
3 413 8
220 414 212
268 415 979
290 416 761
413 417 503
347 418 21
49 419 917
322 420 325
365 421 920
306 422 89
372 423 603
274 424 696
418 425 247
297 426 440
399 427 497
266 428 861
269 429 728
248 430 797
349 431 133
245 432 177
288 433 454
327 434 647
163 435 761
308 436 13
249 437 668
407 438 928
177 439 858
265 440 741
303 441 21
439 442 905
371 443 15
381 444 720
390 445 936
106 446 587
196 447 252
270 448 801
356 449 235
226 450 475
25 451 385
250 452 658
74 453 882
72 454 355
348 455 464
187 456 18
116 457 500
385 458 507
178 459 786
35 460 482
108 461 24
265 462 587
81 463 122
439 464 174
460 465 563
336 466 343
90 467 615
333 468 248
322 469 228
191 470 295
262 471 182
85 472 250
293 473 622
284 474 231
95 475 258
458 476 147
94 477 399
382 478 565
422 479 488
116 480 388
368 481 556
131 482 506
339 483 129
188 484 523
421 485 388
311 486 717
32 487 293
414 488 969
54 489 239
379 490 231
287 491 661
438 492 464
272 493 276
104 494 767
13 495 696
466 496 18
56 497 868
422 498 795
427 499 311
112 500 263
28 501 249
273 502 920
144 503 406
426 504 69
4 505 911
296 506 453
313 507 297
346 508 967
240 509 565
408 510 301
296 511 400
179 512 37
346 513 943
140 514 244
415 515 659
56 516 178
10 517 127
237 518 197
148 519 878
230 520 643
280 521 840
442 522 445
400 523 145
414 524 763
478 525 628
508 526 959
218 527 201
297 528 12
255 529 318
140 530 171
377 531 238
311 532 561
398 533 543
35 534 357
287 535 580
103 536 777
6 537 216
441 538 446
481 539 805
192 540 64
90 541 610
300 542 228
165 543 699
425 544 291
417 545 798
260 546 345
94 547 662
490 548 806
505 549 877
339 550 538
351 551 764
163 552 143
247 553 1
484 554 277
527 555 492
498 556 806
257 557 172
148 558 826
254 559 362
281 560 256
300 561 117
95 562 344
525 563 165
350 564 820
555 565 108
477 566 595
103 567 476
258 568 306
372 569 11
484 570 811
40 571 857
506 572 85
565 573 390
170 574 184
27 575 132
419 576 124
489 577 628
281 578 729
13 579 227
305 580 761
162 581 720
295 582 968
388 583 53
418 584 60
194 585 981
175 586 662
435 587 518
38 588 553
366 589 164
300 590 809
180 591 177
227 592 620
309 593 242
441 594 323
172 595 278
405 596 772
32 597 940
21 598 851
479 599 858
345 600 516
185 601 602
429 602 29
354 603 95
385 604 614
234 605 292
159 606 905
469 607 212
549 608 275
427 609 497
179 610 176
506 611 864
120 612 814
186 613 772
397 614 373
437 615 828
439 616 695
357 617 230
553 618 191
280 619 735
402 620 528
586 621 634
365 622 764
17 623 134
52 624 625
204 625 34
311 626 923
115 627 942
487 628 635
558 629 231
323 630 465
173 631 732
107 632 274
519 633 171
458 634 703
159 635 755
328 636 801
585 637 404
116 638 267
10 639 166
2 640 517
7 641 73
349 642 541
106 643 974
146 644 840
468 645 518
607 646 583
480 647 209
573 648 94
209 649 932
139 650 983
550 651 601
608 652 492
305 653 166
29 654 434
592 655 22
623 656 977
244 657 466
330 658 928
489 659 3
131 660 648
408 661 559
535 662 115
409 663 541
67 664 817
323 665 221
646 666 829
36 667 332
464 668 554
236 669 727
590 670 581
425 671 74
105 672 95
322 673 660
333 674 35
663 675 906
249 676 910
317 677 16
499 678 713
266 679 742
123 680 870
35 681 817
287 682 365
480 683 903
136 684 701
530 685 658
44 686 485
574 687 271
417 688 897
228 689 511
49 690 931
321 691 87
392 692 20
396 693 438
107 694 216
688 695 978
112 696 60
139 697 301
14 698 129
54 699 277
30 700 560
587 701 603
621 702 127
524 703 550
519 704 281
168 705 59
375 706 970
645 707 365
683 708 334
4 709 246
403 710 56
381 711 244
388 712 389
485 713 515
136 714 786
514 715 509
185 716 887
462 717 230
31 718 348
299 719 958
216 720 512
351 721 114
303 722 972
27 723 675
399 724 603
285 725 698
558 726 988
685 727 187
717 728 438
7 729 305
662 730 414
500 731 341
387 732 664
79 733 455
292 734 255
634 735 889
419 736 817
297 737 301
645 738 848
63 739 296
413 740 541
553 741 583
477 742 73
568 743 878
271 744 360
318 745 872
262 746 24
574 747 266
453 748 824
13 749 38
531 750 872
388 751 828
231 752 520
86 753 242
690 754 255
150 755 976
485 756 657
557 757 60
256 758 776
545 759 656
299 760 97
261 761 388
116 762 198
624 763 689
625 764 378
257 765 337
549 766 429
757 767 810
471 768 690
15 769 540
312 770 236
136 771 551
43 772 206
524 773 682
48 774 506
27 775 913
677 776 730
291 777 226
609 778 657
565 779 298
583 780 660
207 781 223
473 782 238
143 783 638
713 784 712
280 785 187
25 786 739
162 787 188
617 788 657
718 789 589
198 790 478
174 791 159
43 792 916
749 793 898
60 794 3
373 795 737
335 796 614
565 797 606
309 798 391
45 799 593
514 800 709
494 801 582
666 802 495
164 803 327
72 804 487
55 805 837
41 806 923
132 807 621
431 808 275
164 809 255
436 810 699
735 811 33
734 812 717
544 813 27
449 814 437
685 815 367
428 816 616
363 817 284
691 818 935
54 819 269
68 820 398
338 821 350
192 822 242
513 823 826
445 824 281
3 825 629
288 826 452
491 827 281
796 828 689
330 829 691
361 830 13
77 831 572
561 832 899
138 833 80
313 834 260
397 835 88
693 836 887
148 837 91
777 838 781
637 839 528
495 840 866
521 841 680
650 842 837
476 843 993
560 844 516
755 845 33
221 846 2
723 847 438
11 848 766
179 849 813
361 850 136
107 851 778
627 852 920
488 853 472
731 854 305
311 855 428
846 856 642
768 857 808
323 858 672
224 859 176
721 860 909
392 861 295
493 862 287
288 863 499
240 864 256
391 865 389
147 866 154
501 867 792
294 868 788
462 869 290
502 870 529
823 871 581
139 872 505
129 873 791
717 874 960
573 875 765
794 876 945
875 877 546
820 878 449
79 879 557
209 880 403
348 881 889
524 882 448
793 883 621
771 884 923
160 885 472
218 886 829
435 887 845
396 888 533
540 889 182
569 890 900
493 891 541
293 892 200
495 893 609
169 894 919
76 895 763
85 896 536
580 897 221
731 898 701
450 899 261
808 900 691
256 901 123
204 902 682
437 903 837
195 904 695
822 905 953
651 906 631
569 907 255
741 908 969
345 909 370
328 910 639
816 911 331
330 912 908
124 913 172
149 914 967
310 915 51
173 916 31
592 917 188
295 918 829
324 919 817
676 920 898
190 921 433
564 922 729
735 923 642
691 924 902
615 925 362
581 926 46
194 927 801
559 928 563
786 929 931
719 930 570
477 931 441
114 932 883
819 933 539
500 934 237
314 935 862
711 936 125
903 937 756
212 938 850
546 939 518
323 940 923
653 941 514
320 942 165
859 943 185
829 944 15
281 945 550
129 946 484
711 947 874
785 948 715
539 949 434
727 950 449
338 951 78
819 952 412
883 953 699
85 954 360
782 955 216
865 956 120
314 957 796
297 958 172
594 959 828
41 960 536
536 961 694
431 962 260
57 963 896
668 964 804
133 965 544
631 966 594
884 967 842
244 968 65
268 969 576
58 970 599
336 971 941
959 972 789
460 973 379
399 974 426
28 975 124
868 976 738
104 977 140
759 978 118
412 979 85
807 980 628
372 981 653
778 982 991
95 983 244
656 984 491
361 985 2
95 986 777
612 987 951
948 988 374
405 989 845
320 990 929
403 991 490
667 992 582
863 993 828
535 994 437
466 995 835
277 996 584
404 997 477
97 998 777
208 999 231
740 1000 275
