100 100
1 2 89
2 3 135
3 4 903
2 5 907
2 6 172
6 7 697
5 8 275
7 9 371
3 10 420
10 11 733
8 12 377
12 13 250
10 14 592
7 15 473
7 16 660
2 17 673
3 18 202
8 19 120
3 20 941
7 21 47
6 22 482
17 23 703
6 24 11
10 25 235
22 26 366
22 27 696
12 28 285
3 29 403
7 30 503
7 31 401
3 32 257
31 33 982
19 34 814
1 35 493
14 36 21
6 37 897
11 38 71
19 39 238
2 40 813
4 41 157
28 42 3
4 43 334
38 44 688
25 45 504
2 46 290
35 47 547
5 48 149
48 49 54
23 50 691
43 51 766
18 52 685
12 53 973
50 54 469
5 55 524
49 56 663
25 57 424
24 58 425
40 59 253
7 60 594
12 61 227
12 62 535
40 63 973
51 64 964
42 65 482
51 66 440
29 67 456
25 68 300
31 69 724
45 70 713
10 71 70
60 72 439
50 73 19
37 74 794
29 75 29
13 76 846
41 77 685
20 78 296
60 79 119
54 80 314
43 81 383
43 82 25
44 83 36
14 84 66
55 85 337
32 86 589
26 87 69
65 88 347
73 89 946
58 90 272
22 91 208
15 92 578
49 93 21
16 94 401
93 95 477
56 96 920
43 97 685
70 98 175
89 99 900
70 100 785
7 22 926
