1000 1009
1 2 512
2 3 286
1 4 401
4 5 673
4 6 751
4 7 201
5 8 450
6 9 337
9 10 220
10 11 254
10 12 448
3 13 207
2 14 890
8 15 627
4 16 381
5 17 864
3 18 237
5 19 292
19 20 476
9 21 105
17 22 11
8 23 349
17 24 522
23 25 869
7 26 669
4 27 995
18 28 447
22 29 266
3 30 375
21 31 859
8 32 905
4 33 883
20 34 668
3 35 595
22 36 181
18 37 741
29 38 10
29 39 334
37 40 24
31 41 36
9 42 275
25 43 770
7 44 584
30 45 311
5 46 957
14 47 142
14 48 17
26 49 867
36 50 969
41 51 372
37 52 959
12 53 904
35 54 503
52 55 563
13 56 857
20 57 953
10 58 915
14 59 892
40 60 486
41 61 432
50 62 311
37 63 267
16 64 108
9 65 522
63 66 348
44 67 773
8 68 713
29 69 101
59 70 327
63 71 418
57 72 32
61 73 881
28 74 201
68 75 200
32 76 133
56 77 206
48 78 733
73 79 745
40 80 934
12 81 692
38 82 29
80 83 919
76 84 778
24 85 191
60 86 671
29 87 403
53 88 496
47 89 651
8 90 138
44 91 217
32 92 554
77 93 775
17 94 728
42 95 881
25 96 503
13 97 499
83 98 790
43 99 480
18 100 284
87 101 832
35 102 978
40 103 838
85 104 572
44 105 374
76 106 324
62 107 561
106 108 899
48 109 35
23 110 46
93 111 441
10 112 482
64 113 32
84 114 461
17 115 435
81 116 170
88 117 835
6 118 776
105 119 700
95 120 375
13 121 588
94 122 783
66 123 625
55 124 774
97 125 670
92 126 407
56 127 48
76 128 248
22 129 528
75 130 313
114 131 154
31 132 415
92 133 56
10 134 551
82 135 347
94 136 181
33 137 532
14 138 531
87 139 308
25 140 950
105 141 505
90 142 550
30 143 838
84 144 482
118 145 337
32 146 376
56 147 535
94 148 597
98 149 748
137 150 896
4 151 824
58 152 251
114 153 42
36 154 771
13 155 831
144 156 267
83 157 969
85 158 438
21 159 554
9 160 245
99 161 94
160 162 458
72 163 294
124 164 773
9 165 928
98 166 504
133 167 208
133 168 892
63 169 432
7 170 614
79 171 647
80 172 179
6 173 376
71 174 595
121 175 40
158 176 210
166 177 648
158 178 12
142 179 28
8 180 461
79 181 344
156 182 788
126 183 662
100 184 201
123 185 516
104 186 519
5 187 1
74 188 159
134 189 179
113 190 488
100 191 926
37 192 270
186 193 513
100 194 576
111 195 768
21 196 229
139 197 702
47 198 390
139 199 256
6 200 626
142 201 319
79 202 215
165 203 872
99 204 895
197 205 848
93 206 178
35 207 719
114 208 615
9 209 66
99 210 945
8 211 819
182 212 947
209 213 474
160 214 840
121 215 738
149 216 458
201 217 208
47 218 343
147 219 640
24 220 273
162 221 752
58 222 209
62 223 844
180 224 734
33 225 473
129 226 33
35 227 921
14 228 620
216 229 843
184 230 395
217 231 517
90 232 677
18 233 635
21 234 315
66 235 206
3 236 571
109 237 642
34 238 400
201 239 355
227 240 322
34 241 151
45 242 959
21 243 948
168 244 818
167 245 663
154 246 133
188 247 94
214 248 906
109 249 456
133 250 205
237 251 320
134 252 235
247 253 19
105 254 856
27 255 557
24 256 959
132 257 846
189 258 981
61 259 164
1 260 514
14 261 125
221 262 223
239 263 288
127 264 69
211 265 121
50 266 643
174 267 569
175 268 936
27 269 246
207 270 272
135 271 559
104 272 368
102 273 500
237 274 50
168 275 690
56 276 181
73 277 143
269 278 238
169 279 74
221 280 79
135 281 283
89 282 927
119 283 44
84 284 307
49 285 20
95 286 153
179 287 931
233 288 890
199 289 469
181 290 10
243 291 166
258 292 383
106 293 784
60 294 630
35 295 944
3 296 181
12 297 199
153 298 313
280 299 269
57 300 658
112 301 642
41 302 351
193 303 483
42 304 119
246 305 861
98 306 34
30 307 261
185 308 183
164 309 390
103 310 954
48 311 850
164 312 441
61 313 223
179 314 166
248 315 893
240 316 174
42 317 738
8 318 158
210 319 186
116 320 655
243 321 533
87 322 310
260 323 748
51 324 784
181 325 465
130 326 168
308 327 566
111 328 356
222 329 528
65 330 473
129 331 433
147 332 523
105 333 777
108 334 994
288 335 327
270 336 863
220 337 121
49 338 532
293 339 1000
259 340 43
321 341 77
245 342 33
22 343 370
57 344 281
170 345 114
193 346 250
64 347 834
294 348 5
139 349 358
175 350 361
213 351 795
165 352 55
271 353 316
6 354 817
273 355 972
127 356 201
162 357 1000
82 358 371
54 359 351
114 360 247
151 361 784
231 362 904
354 363 86
247 364 35
229 365 361
221 366 416
227 367 42
128 368 169
279 369 217
15 370 404
10 371 213
31 372 320
235 373 612
108 374 20
292 375 359
293 376 308
234 377 365
168 378 184
105 379 162
331 380 92
49 381 24
369 382 188
227 383 599
353 384 331
332 385 713
173 386 697
83 387 76
17 388 70
108 389 701
350 390 834
345 391 901
217 392 815
101 393 885
210 394 806
240 395 932
257 396 163
277 397 946
301 398 805
70 399 406
102 400 905
201 401 301
25 402 367
346 403 464
320 404 763
304 405 391
171 406 389
201 407 197
238 408 794
164 409 347
249 410 93
102 411 548
10 412 296
269 413 313
208 414 551
229 415 152
272 416 297
156 417 638
386 418 766
17 419 309
89 420 710
230 421 84
395 422 200
88 423 359
258 424 143
343 425 202
164 426 748
103 427 688
9 428 897
227 429 781
132 430 137
111 431 297
327 432 645
243 433 127
13 434 236
180 435 161
385 436 727
281 437 238
233 438 487
45 439 480
245 440 990
51 441 552
96 442 114
424 443 284
230 444 492
38 445 435
285 446 99
21 447 221
292 448 220
33 449 329
320 450 33
337 451 984
261 452 531
53 453 884
121 454 92
139 455 391
20 456 385
277 457 73
247 458 248
75 459 853
188 460 831
97 461 313
293 462 399
368 463 679
17 464 513
293 465 493
358 466 906
163 467 423
66 468 909
5 469 20
223 470 248
387 471 384
87 472 957
225 473 737
193 474 399
191 475 162
344 476 140
310 477 770
204 478 178
171 479 743
110 480 905
46 481 114
285 482 661
379 483 584
69 484 120
306 485 411
198 486 809
467 487 412
158 488 252
307 489 937
170 490 518
198 491 851
444 492 160
3 493 187
128 494 256
198 495 387
35 496 327
465 497 265
229 498 358
225 499 289
370 500 562
99 501 900
364 502 261
260 503 628
423 504 172
125 505 7
78 506 338
334 507 807
377 508 307
366 509 187
381 510 950
316 511 380
239 512 658
130 513 402
71 514 82
293 515 26
138 516 904
477 517 927
137 518 960
505 519 252
125 520 786
249 521 216
166 522 713
99 523 356
189 524 598
168 525 532
172 526 415
354 527 900
363 528 494
369 529 295
268 530 487
245 531 510
255 532 237
183 533 581
464 534 36
178 535 782
461 536 337
464 537 336
432 538 242
190 539 394
259 540 45
118 541 747
513 542 802
235 543 54
526 544 538
373 545 81
354 546 348
344 547 347
337 548 281
331 549 699
486 550 224
29 551 969
231 552 836
234 553 300
493 554 312
468 555 890
222 556 685
447 557 858
515 558 375
391 559 712
302 560 273
276 561 351
292 562 227
331 563 983
441 564 482
160 565 714
533 566 22
434 567 588
349 568 396
285 569 273
328 570 337
473 571 744
344 572 410
95 573 378
175 574 595
240 575 464
331 576 817
364 577 68
316 578 711
351 579 508
9 580 683
308 581 432
503 582 968
30 583 281
582 584 42
486 585 656
48 586 834
72 587 368
500 588 148
463 589 944
52 590 110
519 591 941
129 592 758
504 593 745
399 594 679
90 595 845
541 596 92
175 597 442
254 598 926
56 599 836
11 600 894
365 601 990
73 602 710
538 603 733
159 604 267
78 605 855
36 606 775
172 607 773
598 608 932
392 609 601
166 610 838
410 611 507
593 612 19
89 613 14
502 614 716
365 615 847
517 616 312
547 617 791
489 618 757
478 619 490
277 620 354
236 621 159
125 622 814
76 623 997
344 624 111
331 625 990
555 626 368
121 627 740
142 628 654
54 629 457
388 630 209
334 631 903
55 632 67
282 633 723
298 634 738
33 635 108
121 636 656
389 637 523
178 638 728
38 639 577
195 640 876
307 641 22
502 642 524
153 643 763
156 644 37
456 645 499
106 646 498
175 647 74
39 648 514
88 649 319
391 650 510
582 651 804
306 652 307
23 653 83
534 654 782
532 655 235
37 656 583
511 657 79
526 658 299
553 659 130
127 660 255
206 661 457
619 662 405
595 663 775
155 664 963
356 665 85
78 666 281
291 667 75
163 668 298
448 669 744
245 670 843
406 671 943
258 672 643
418 673 553
492 674 112
285 675 118
304 676 802
282 677 313
486 678 448
350 679 614
600 680 801
434 681 132
551 682 124
634 683 822
256 684 226
637 685 660
483 686 566
327 687 893
443 688 705
221 689 338
679 690 254
144 691 254
434 692 88
546 693 535
647 694 787
647 695 246
232 696 62
164 697 945
169 698 283
694 699 711
693 700 184
252 701 398
292 702 250
377 703 645
240 704 362
683 705 166
46 706 413
487 707 29
231 708 243
152 709 307
208 710 333
340 711 430
597 712 364
564 713 177
386 714 381
214 715 303
301 716 949
274 717 680
16 718 844
213 719 502
429 720 857
685 721 485
470 722 884
31 723 364
508 724 901
685 725 79
467 726 83
649 727 745
384 728 628
311 729 264
83 730 999
538 731 849
484 732 265
352 733 798
683 734 113
536 735 613
307 736 889
715 737 592
126 738 533
405 739 707
259 740 670
498 741 509
139 742 245
9 743 867
709 744 232
566 745 663
474 746 707
549 747 890
530 748 580
179 749 483
659 750 126
144 751 958
708 752 938
292 753 868
607 754 127
217 755 310
141 756 629
753 757 974
310 758 464
259 759 171
719 760 157
365 761 39
397 762 412
211 763 773
471 764 721
260 765 391
112 766 209
153 767 634
153 768 485
510 769 790
463 770 748
172 771 862
768 772 948
745 773 915
475 774 855
145 775 742
201 776 856
350 777 677
243 778 199
220 779 740
370 780 828
610 781 775
510 782 454
339 783 877
43 784 24
193 785 579
276 786 850
24 787 498
340 788 576
44 789 287
319 790 138
302 791 356
464 792 235
624 793 824
621 794 187
504 795 928
190 796 32
174 797 209
54 798 351
782 799 932
445 800 989
2 801 10
346 802 734
413 803 826
82 804 815
217 805 455
515 806 884
742 807 688
778 808 854
606 809 560
752 810 280
794 811 75
109 812 843
318 813 596
239 814 643
446 815 505
251 816 126
176 817 129
689 818 502
298 819 166
388 820 303
481 821 663
319 822 643
44 823 730
564 824 92
509 825 766
647 826 735
228 827 642
596 828 600
796 829 243
363 830 914
537 831 864
358 832 36
185 833 126
163 834 800
532 835 523
67 836 108
49 837 393
469 838 169
187 839 207
315 840 472
20 841 599
351 842 724
608 843 444
830 844 928
547 845 163
699 846 293
240 847 740
650 848 775
135 849 490
62 850 290
547 851 135
719 852 484
264 853 561
317 854 94
401 855 160
448 856 819
155 857 756
811 858 21
19 859 721
779 860 481
606 861 25
797 862 514
834 863 987
134 864 696
336 865 71
591 866 18
198 867 156
38 868 867
261 869 158
832 870 323
63 871 520
623 872 54
196 873 904
70 874 766
235 875 891
92 876 209
614 877 439
397 878 985
249 879 229
143 880 158
442 881 348
849 882 140
788 883 484
556 884 579
481 885 206
34 886 669
450 887 646
581 888 29
456 889 918
859 890 779
628 891 259
833 892 171
622 893 21
697 894 224
91 895 506
53 896 709
507 897 940
453 898 683
283 899 367
529 900 942
15 901 364
901 902 263
191 903 75
880 904 521
190 905 283
731 906 140
539 907 444
333 908 203
214 909 949
839 910 213
846 911 1000
66 912 775
436 913 443
148 914 965
468 915 487
360 916 834
676 917 955
564 918 518
178 919 363
392 920 765
6 921 241
515 922 874
914 923 153
324 924 332
731 925 869
881 926 26
453 927 754
465 928 434
199 929 980
494 930 796
697 931 352
798 932 334
916 933 439
61 934 187
102 935 603
351 936 273
232 937 499
858 938 429
752 939 21
471 940 8
121 941 803
667 942 116
603 943 595
186 944 852
943 945 396
650 946 102
428 947 779
402 948 15
66 949 63
537 950 386
44 951 696
773 952 809
159 953 315
520 954 214
142 955 762
339 956 961
162 957 535
722 958 591
430 959 39
131 960 930
274 961 55
906 962 642
805 963 990
684 964 135
719 965 253
845 966 562
711 967 504
213 968 495
190 969 645
552 970 191
878 971 704
710 972 362
746 973 412
95 974 732
229 975 686
652 976 653
230 977 986
557 978 113
293 979 914
508 980 819
846 981 40
863 982 50
383 983 605
114 984 293
44 985 95
531 986 668
889 987 920
658 988 992
486 989 76
212 990 286
638 991 214
935 992 337
89 993 11
335 994 78
838 995 352
200 996 138
933 997 838
552 998 911
858 999 937
387 1000 425
45 431 3
154 644 659
453 745 205
479 904 825
365 893 766
188 532 926
206 680 9
246 581 873
56 236 327
24 968 427
