200
91 98
61 61
18 85
28 28
98 2
92 57
67 94
85 2
95 31
31 28
20 76
61 46
16 20
58 58
17 14
37 72
29 53
31 48
70 5
22 30
54 21
15 75
93 88
96 35
36 29
16 31
83 87
38 21
77 46
32 30
28 78
21 53
52 1
46 81
38 14
31 32
22 99
29 17
21 11
88 10
71 21
41 90
63 40
94 47
6 55
31 84
86 4
28 79
37 79
37 5
37 72
78 8
27 18
48 63
45 8
24 63
98 97
90 46
17 40
61 42
69 2
78 25
18 56
45 86
57 88
38 53
100 68
78 68
30 99
88 52
77 52
10 11
96 72
68 69
85 56
11 13
73 13
78 30
71 52
88 21
3 17
82 20
79 58
63 80
70 26
91 9
86 21
67 12
80 63
7 53
14 34
54 12
64 90
63 27
18 18
61 25
52 62
68 50
19 85
86 17
29 85
26 95
45 38
30 53
94 44
71 56
86 27
59 18
88 98
76 40
94 92
36 34
42 86
5 31
98 20
77 49
28 25
86 6
13 53
37 11
8 61
97 50
25 74
72 42
32 70
5 53
11 6
49 75
74 82
14 41
8 56
49 62
51 27
32 93
98 25
43 85
51 94
74 17
72 73
74 57
24 93
59 76
39 84
30 69
61 3
89 11
89 36
26 66
26 19
32 31
81 61
75 56
37 91
41 78
69 67
54 84
68 60
20 59
72 27
78 53
75 84
39 76
75 29
36 83
65 86
58 84
75 40
24 22
53 97
22 47
51 34
51 77
71 49
60 20
38 85
51 92
69 87
59 7
20 41
91 50
58 63
50 76
86 31
51 25
82 97
71 87
11 43
7 91
77 98
13 24
80 44
4 46
48 66
53 55
25 34
77 42
41 17
16 44
13 44
43 31
